0
0.5
0.666667
0.5
0.4
0.333333
0.285714
0.25
0.222222
0.2
0.181818
0.25
0.230769
0.285714
0.266667
0.3125
0.294118
0.277778
0.315789
0.35
0.333333
0.318182
0.304348
0.291667
0.28
0.307692
0.296296
0.285714
0.275862
0.3
0.290323
0.28125
0.272727
0.294118
0.285714
0.305556
0.324324
0.342105
0.358974
0.35
0.365854
0.357143
0.348837
0.340909
0.333333
0.347826
0.340426
0.354167
0.346939
0.36
0.352941
0.365385
0.377358
0.37037
0.363636
0.357143
0.350877
0.344828
0.338983
0.35
0.344262
0.33871
0.333333
0.328125
0.323077
0.318182
0.313433
0.308824
0.304348
0.3
0.295775
0.305556
0.30137
0.297297
0.293333
0.289474
0.298701
0.294872
0.291139
0.2875
0.296296
0.292683
0.289157
0.285714
0.282353
0.27907
0.275862
0.272727
0.269663
0.277778
0.285714
0.282609
0.27957
0.276596
0.284211
0.28125
0.278351
0.27551
0.282828
0.28
0.277228
0.27451
0.271845
0.278846
0.27619
0.273585
0.280374
0.277778
0.275229
0.272727
0.27027
0.267857
0.274336
0.27193
0.269565
0.275862
0.273504
0.279661
0.285714
0.283333
0.289256
0.286885
0.284553
0.290323
0.288
0.293651
0.291339
0.289062
0.286822
0.284615
0.282443
0.287879
0.285714
0.291045
0.288889
0.294118
0.291971
0.289855
0.294964
0.292857
0.29078
0.295775
0.293706
0.291667
0.289655
0.287671
0.285714
0.290541
0.295302
0.293333
0.298013
0.296053
0.294118
0.292208
0.290323
0.288462
0.286624
0.28481
0.283019
0.28125
0.279503
0.277778
0.276074
0.27439
0.272727
0.277108
0.275449
0.279762
0.278107
0.276471
0.280702
0.27907
0.277457
0.275862
0.274286
0.272727
0.276836
0.275281
0.273743
0.272222
0.270718
0.274725
0.278689
0.277174
0.275676
0.274194
0.272727
0.271277
0.269841
0.273684
0.272251
0.270833
0.26943
0.268041
0.271795
0.27551
0.274112
0.277778
0.276382
0.275
0.273632
0.272277
0.270936
0.269608
0.273171
0.271845
0.270531
0.269231
0.267943
0.266667
0.265403
0.268868
0.267606
0.266355
0.265116
0.268519
0.267281
0.266055
0.269406
0.268182
0.266968
0.265766
0.264574
0.267857
0.266667
0.269912
0.268722
0.267544
0.266376
0.265217
0.264069
0.262931
0.261803
0.264957
0.26383
0.262712
0.261603
0.260504
0.259414
0.258333
0.257261
0.256198
0.255144
0.258197
0.257143
0.256098
0.259109
0.258065
0.257028
0.256
0.258964
0.257937
0.256917
0.255906
0.254902
0.253906
0.252918
0.255814
0.254826
0.253846
0.252874
0.251908
0.254753
0.253788
0.25283
0.25188
0.254682
0.253731
0.256506
0.255556
0.254613
0.253676
0.252747
0.251825
0.250909
0.25
0.252708
0.251799
0.25448
0.253571
0.252669
0.251773
0.250883
0.25
0.249123
0.248252
0.247387
0.25
0.249135
0.248276
0.250859
0.25
0.249147
0.248299
0.247458
0.25
0.249158
0.248322
0.247492
0.25
0.249169
0.251656
0.250825
0.25
0.252459
0.251634
0.250814
0.25
0.249191
0.248387
0.250804
0.25
0.252396
0.251592
0.250794
0.25
0.249211
0.248428
0.250784
0.25
0.249221
0.248447
0.247678
0.246914
0.246154
0.245399
0.244648
0.243902
0.246201
0.245455
0.244713
0.246988
0.246246
0.245509
0.244776
0.244048
0.243323
0.242604
0.241888
0.241176
0.240469
0.239766
0.239067
0.238372
0.237681
0.236994
0.236311
0.235632
0.234957
0.234286
0.236467
0.235795
0.235127
0.237288
0.23662
0.235955
0.235294
0.23743
0.236769
0.236111
0.235457
0.237569
0.236915
0.239011
0.241096
0.243169
0.242507
0.241848
0.241192
0.243243
0.245283
0.244624
0.243968
0.245989
0.245333
0.244681
0.244032
0.243386
0.242744
0.242105
0.24147
0.240838
0.240209
0.242188
0.241558
0.240933
0.242894
0.242268
0.241645
0.241026
0.240409
0.239796
0.239186
0.238579
0.237975
0.237374
0.239295
0.238693
0.238095
0.2375
0.236908
0.236318
0.235732
0.235149
0.234568
0.236453
0.238329
0.240196
0.239609
0.239024
0.238443
0.237864
0.237288
0.236715
0.236145
0.237981
0.239808
0.239234
0.238663
0.238095
0.23753
0.236967
0.238771
0.238208
0.24
0.241784
0.24356
0.242991
0.242424
0.24186
0.243619
0.24537
0.244804
0.24424
0.243678
0.243119
0.242563
0.242009
0.241458
0.243182
0.24263
0.242081
0.241535
0.240991
0.240449
0.242152
0.243848
0.243304
0.242762
0.244444
0.243902
0.243363
0.242826
0.242291
0.241758
0.241228
0.2407
0.240175
0.24183
0.241304
0.24295
0.242424
0.241901
0.241379
0.24086
0.242489
0.24197
0.241453
0.24307
0.242553
0.244161
0.245763
0.245243
0.244726
0.244211
0.243697
0.243187
0.242678
0.242171
0.24375
0.245322
0.244813
0.246377
0.245868
0.245361
0.244856
0.244353
0.243852
0.243354
0.242857
0.242363
0.243902
0.243408
0.244939
0.244444
0.243952
0.243461
0.242972
0.242485
0.242
0.243513
0.243028
0.242545
0.242063
0.241584
0.241107
0.242604
0.244094
0.243615
0.245098
0.244618
0.244141
0.243665
0.243191
0.242718
0.244186
0.245648
0.247104
0.248555
0.248077
0.247601
0.249042
0.248566
0.248092
0.249524
0.250951
0.252372
0.251894
0.251418
0.250943
0.252354
0.25188
0.251407
0.250936
0.252336
0.251866
0.251397
0.252788
0.252319
0.253704
0.255083
0.254613
0.254144
0.253676
0.255046
0.25641
0.25777
0.257299
0.256831
0.256364
0.255898
0.255435
0.254973
0.256318
0.255856
0.255396
0.254937
0.25448
0.255814
0.255357
0.254902
0.254448
0.253996
0.253546
0.253097
0.254417
0.253968
0.253521
0.253076
0.252632
0.252189
0.251748
0.251309
0.252613
0.252174
0.251736
0.2513
0.250865
0.250432
0.25
0.251291
0.250859
0.250429
0.25
0.251282
0.250853
0.250426
0.251701
0.251273
0.250847
0.250423
0.25
0.249578
0.249158
0.248739
0.248322
0.247906
0.247492
0.247078
0.246667
0.246256
0.247508
0.247098
0.246689
0.246281
0.245875
0.24547
0.245066
0.244663
0.245902
0.245499
0.245098
0.24633
0.247557
0.247154
0.246753
0.246353
0.247573
0.247173
0.248387
0.247987
0.249196
0.248796
0.25
0.2496
0.249201
0.248804
0.248408
0.248013
0.247619
0.247227
0.246835
0.246445
0.246057
0.245669
0.245283
0.246468
0.246082
0.245696
0.245312
0.24649
0.246106
0.245723
0.245342
0.244961
0.244582
0.244204
0.243827
0.243451
0.243077
0.242704
0.243865
0.243492
0.243119
0.242748
0.242378
0.242009
0.241641
0.241275
0.242424
0.242057
0.241692
0.241327
0.240964
0.240602
0.24024
0.23988
0.241018
0.240658
0.240299
0.23994
0.241071
0.240713
0.240356
0.24
0.239645
0.239291
0.238938
0.238586
0.238235
0.237885
0.237537
0.237189
0.236842
0.236496
0.236152
0.235808
0.235465
0.235123
0.236232
0.23589
0.235549
0.235209
0.23487
0.234532
0.234195
0.235294
0.234957
0.234621
0.235714
0.235378
0.235043
0.236131
0.235795
0.236879
0.236544
0.236209
0.235876
0.236953
0.23662
0.236287
0.235955
0.235624
0.235294
0.234965
0.234637
0.23431
0.233983
0.235049
0.234722
0.234397
0.234072
0.233748
0.233425
0.234483
0.23416
0.235213
0.23489
0.23594
0.235616
0.235294
0.236339
0.236016
0.235695
0.236735
0.236413
0.236092
0.237127
0.236806
0.236486
0.236167
0.237197
0.236878
0.236559
0.237584
0.237265
0.236948
0.237968
0.23765
0.238667
0.238349
0.238032
0.237716
0.237401
0.237086
0.236772
0.23646
0.236148
0.235837
0.235526
0.235217
0.234908
0.235911
0.236911
0.236601
0.236292
0.235984
0.235677
0.235371
0.235065
0.23476
0.235751
0.23674
0.236434
0.236129
0.237113
0.236808
0.236504
0.2362
0.237179
0.236876
0.236573
0.236271
0.237245
0.236943
0.236641
0.237611
0.238579
0.239544
0.239241
0.238938
0.238636
0.238335
0.238035
0.237736
0.237437
0.238394
0.238095
0.239049
0.23875
0.238452
0.238155
0.237858
0.238806
0.238509
0.238213
0.239157
0.238861
0.238566
0.238272
0.239211
0.238916
0.238622
0.238329
0.238037
0.237745
0.238678
0.239609
0.240537
0.240244
0.239951
0.239659
0.239368
0.239078
0.238788
0.239709
0.240629
0.240338
0.240048
0.239759
0.239471
0.239183
0.238896
0.238609
0.238323
0.238038
0.237754
0.23747
0.237187
0.238095
0.237812
0.238717
0.238434
0.238152
0.23787
0.237589
0.237308
0.238208
0.237927
0.237647
0.237368
0.237089
0.236811
0.236534
0.236257
0.23715
0.236873
0.236597
0.236321
0.236047
0.236934
0.236659
0.236385
0.236111
0.235838
0.236721
0.236448
0.236175
0.235903
0.235632
0.235362
0.236239
0.235968
0.236842
0.236571
0.236301
0.236032
0.235763
0.235495
0.235227
0.236095
0.235828
0.236693
0.236425
0.236158
0.235892
0.235626
0.23536
0.235096
0.234831
0.234568
0.234305
0.234043
0.234899
0.234637
0.235491
0.235229
0.234967
0.234705
0.235556
0.235294
0.236142
0.23588
0.235619
0.235359
0.235099
0.235943
0.236784
0.236524
0.236264
0.236004
0.236842
0.237678
0.237418
0.238251
0.237991
0.237732
0.237473
0.237214
0.236957
0.237785
0.237527
0.238353
0.238095
0.237838
0.238661
0.238403
0.238147
0.23789
0.237634
0.237379
0.237124
0.23687
0.237687
0.238503
0.238248
0.237994
0.23774
0.237487
0.237234
0.236982
0.23673
0.23754
0.237288
0.237037
0.237844
0.237592
0.238397
0.239199
0.24
0.239748
0.239496
0.239244
0.238994
0.239791
0.240586
0.240334
0.240084
0.239833
0.240625
0.241415
0.241164
0.240914
0.240664
0.240415
0.241201
0.240951
0.240702
0.240454
0.240206
0.240989
0.240741
0.240493
0.241273
0.241026
0.240779
0.240532
0.240286
0.240041
0.240816
0.24159
0.241344
0.241099
0.24187
0.241624
0.241379
0.241135
0.240891
0.240647
0.240404
0.240161
0.239919
0.240685
0.241449
0.241206
0.240964
0.241725
0.241483
0.241241
0.241
0.240759
0.240519
0.241276
0.241036
0.240796
0.240557
0.240318
0.240079
0.239841
0.239604
0.239367
0.23913
0.239882
0.240631
0.241379
0.241142
0.240905
0.240668
0.241413
0.242157
0.242899
0.242661
0.243402
0.244141
0.243902
0.244639
0.244401
0.244163
0.243926
0.243689
0.243453
0.243217
0.242982
0.242747
0.242512
0.242278
0.242044
0.241811
0.241578
0.241346
0.241114
0.240883
0.241611
0.241379
0.241148
0.240918
0.241643
0.241412
0.241182
0.240952
0.241675
0.241445
0.241216
0.241935
0.241706
0.242424
0.242195
0.241966
0.241737
0.241509
0.241282
0.241996
0.241769
0.242481
0.242254
0.242026
0.241799
0.241573
0.241347
0.241121
0.24183
0.241604
0.241379
0.241155
0.24093
0.241636
0.24234
0.242115
0.241891
0.241667
0.241443
0.24122
0.240997
0.241697
0.241475
0.241252
0.24103
0.240809
0.240588
0.240367
0.240147
0.240842
0.240622
0.240402
0.240183
0.239964
0.239745
0.239526
0.240218
0.240909
0.241599
0.242287
0.242974
0.242754
0.242534
0.242315
0.242096
0.241877
0.242561
0.242342
0.242124
0.241906
0.241689
0.241472
0.241256
0.241039
0.240824
0.240608
0.240393
0.241071
0.240856
0.240642
0.241318
0.241103
0.240889
0.240675
0.240461
0.241135
0.241807
0.242478
0.242263
0.242933
0.242718
0.243386
0.243172
0.242958
0.242744
0.242531
0.243196
0.242982
0.24277
0.242557
0.242345
0.243007
0.242795
0.242583
0.242371
0.243031
0.24369
0.243478
0.243267
0.243056
0.242845
0.243501
0.24329
0.24308
0.242869
0.24266
0.24245
0.243103
0.242894
0.242685
0.242476
0.242268
0.24206
0.24271
0.243359
0.243151
0.242943
0.242735
0.242528
0.242321
0.242114
0.24276
0.242553
0.242347
0.242141
0.241935
0.24173
0.242373
0.242168
0.241963
0.241758
0.242399
0.242194
0.24199
0.242628
0.242424
0.24222
0.242857
0.242653
0.24245
0.242246
0.242044
0.242678
0.242475
0.242272
0.242905
0.242702
0.2425
0.242298
0.242097
0.241895
0.242525
0.242324
0.242123
0.241922
0.24255
0.242349
0.242149
0.241949
0.241749
0.24155
0.241351
0.241975
0.241776
0.242399
0.2422
0.242002
0.241803
0.241605
0.241408
0.24121
0.241013
0.240816
0.24062
0.240424
0.240228
0.240846
0.24065
0.240455
0.24026
0.240065
0.23987
0.240486
0.240291
0.240097
0.240711
0.240517
0.240323
0.240129
0.239936
0.239743
0.23955
0.239357
0.239165
0.238974
0.238782
0.238591
0.2384
0.238209
0.238019
0.238627
0.239234
0.239841
0.23965
0.239459
0.239269
0.239079
0.239683
0.239492
0.239303
0.239113
0.238924
0.238735
0.238547
0.238358
0.23817
0.238771
0.238583
0.238395
0.238208
0.23802
0.237834
0.238431
0.238245
0.238058
0.237872
0.237686
0.2375
0.237315
0.237129
0.236945
0.23676
0.236576
0.236392
0.236208
0.236025
0.235842
0.236434
0.236251
0.236068
0.236659
0.237249
0.237066
0.236883
0.2367
0.237288
0.237105
0.236923
0.236741
0.236559
0.236378
0.236963
0.236782
0.2366
0.236419
0.236239
0.236058
0.235878
0.235698
0.23628
0.236101
0.235921
0.235741
0.235562
0.236143
0.235964
0.236543
0.236364
0.236185
0.236762
0.237339
0.23716
0.237736
0.237557
0.237378
0.237199
0.23702
0.236842
0.236664
0.236486
0.236309
0.236132
0.235955
0.235778
0.235602
0.235426
0.23525
0.235075
0.234899
0.234724
0.235294
0.235119
0.234944
0.23477
0.235338
0.235163
0.234989
0.234815
0.235381
0.235947
0.235772
0.235598
0.235424
0.235251
0.235077
0.235641
0.236203
0.236029
0.235856
0.235683
0.23551
0.235337
0.235897
0.236457
0.236284
0.236842
0.236669
0.237226
0.237053
0.23688
0.236708
0.237263
0.237091
0.236919
0.236747
0.2373
0.237128
0.236957
0.236785
0.237337
0.237166
0.236994
0.236823
0.236652
0.236482
0.236311
0.236141
0.236691
0.237239
0.237069
0.236899
0.237446
0.237276
0.237106
0.236936
0.236767
0.236598
0.236429
0.236974
0.236805
0.236636
0.236467
0.237011
0.236842
0.237385
0.237216
0.237757
0.237589
0.23742
0.23796
0.237792
0.237624
0.237456
0.237994
0.237826
0.237659
0.238196
0.238028
0.238564
0.238397
0.238932
0.238764
0.238596
0.238429
0.238262
0.238095
0.238628
0.238462
0.238295
0.238128
0.237962
0.238494
0.238328
0.238858
0.239388
0.239221
0.239055
0.238889
0.238723
0.238558
0.238392
0.23892
0.238754
0.238589
0.239115
0.239641
0.239476
0.24
0.240524
0.240358
0.240881
0.240715
0.24055
0.240385
0.240906
0.241427
0.241947
0.241781
0.2423
0.242134
0.242652
0.242486
0.242321
0.242156
0.242672
0.242507
0.242342
0.242177
0.242012
0.241848
0.241684
0.24152
0.241356
0.241192
0.241706
0.242219
0.242055
0.241892
0.242404
0.242915
0.242751
0.243261
0.243771
0.243607
0.243443
0.243952
0.243788
0.243624
0.243461
0.243968
0.243804
0.244311
0.244147
0.243984
0.244489
0.244326
0.244163
0.244
0.243837
0.243675
0.243513
0.244016
0.243854
0.244356
0.244194
0.244032
0.244533
0.244371
0.244209
0.244048
0.243886
0.243725
0.244224
0.244063
0.243902
0.243742
0.243581
0.244079
0.243918
0.243758
0.243598
0.243438
0.243934
0.243775
0.24427
0.24411
0.24395
0.243791
0.244285
0.244125
0.243966
0.243807
0.243648
0.24349
0.243331
0.243173
0.243665
0.243506
0.243348
0.243839
0.243681
0.243523
0.244013
0.243855
0.243697
0.24354
0.243383
0.243226
0.243069
0.242912
0.242756
0.2426
0.242444
0.242288
0.242132
0.241977
0.241822
0.241667
0.241512
0.241997
0.241843
0.242327
0.242173
0.242656
0.242502
0.242347
0.242192
0.242038
0.241884
0.24173
0.241577
0.241423
0.24127
0.241117
0.240964
0.241445
0.241292
0.241772
0.241619
0.242099
0.241946
0.241793
0.24164
0.241488
0.241336
0.241184
0.241032
0.241509
0.241358
0.241834
0.24231
0.242785
0.242633
0.242481
0.242329
0.242178
0.242026
0.241875
0.241724
0.241573
0.241422
0.241272
0.241121
0.241594
0.241444
0.241294
0.241765
0.241615
0.241465
0.241315
0.241166
0.241636
0.241486
0.241955
0.242424
0.242274
0.242125
0.241975
0.241826
0.242293
0.242144
0.241995
0.242462
0.242927
0.242778
0.242629
0.24248
0.242331
0.242183
0.242034
0.241886
0.24235
0.242202
0.242054
0.241906
0.241758
0.241611
0.241463
0.241316
0.241169
0.241023
0.240876
0.240729
0.240583
0.240437
0.240291
0.240752
0.240606
0.24046
0.240315
0.240774
0.240629
0.240483
0.240338
0.240797
0.240651
0.240506
0.240361
0.240217
0.240072
0.239928
0.239784
0.23964
0.239496
0.239352
0.239209
0.239065
0.238922
0.239378
0.239833
0.239689
0.239546
0.239403
0.23926
0.239714
0.239571
0.239428
0.239286
0.239143
0.239001
0.239453
0.239905
0.239763
0.23962
0.239478
0.239336
0.239787
0.239645
0.239503
0.239362
0.23922
0.239079
0.238938
0.238797
0.238656
0.239105
0.238964
0.238824
0.238683
0.238543
0.23899
0.23885
0.239296
0.239156
0.239016
0.238876
0.238736
0.239181
0.239041
0.238902
0.239346
0.239207
0.239067
0.238928
0.238789
0.239232
0.239674
0.239535
0.239396
0.239837
0.240279
0.240139
0.24058
0.24044
0.24088
0.240741
0.240602
0.240462
0.240324
0.240762
0.240623
0.240484
0.240346
0.240783
0.240645
0.241082
0.241518
0.241379
0.241815
0.241676
0.241538
0.241399
0.241261
0.241123
0.240985
0.240847
0.240709
0.241143
0.241005
0.240868
0.24073
0.240593
0.240456
0.240888
0.24132
0.241183
0.241046
0.241477
0.24134
0.241771
0.242201
0.242063
0.242493
0.242922
0.24335
0.243213
0.243075
0.242938
0.243365
0.243792
0.243655
0.244081
0.244507
0.244369
0.244232
0.244094
0.244519
0.244944
0.244806
0.244669
0.244532
0.244395
0.244258
0.244121
0.243984
0.243848
0.244271
0.244134
0.243998
0.243862
0.243726
0.244147
0.244011
0.244432
0.244296
0.244716
0.24458
0.244444
0.244309
0.244173
0.244592
0.244457
0.244875
0.24474
0.244604
0.244469
0.244334
0.244199
0.244064
0.243929
0.244346
0.244212
0.244077
0.243943
0.243808
0.243674
0.24409
0.244505
0.24492
0.244786
0.244652
0.244518
0.244932
0.245345
0.245211
0.245077
0.244943
0.245355
0.245221
0.245633
0.245499
0.245911
0.246322
0.246187
0.246053
0.245919
0.245786
0.246196
0.246062
0.246471
0.24688
0.246746
0.246612
0.247021
0.247428
0.247294
0.247701
0.247568
0.247434
0.24784
0.248246
0.248112
0.247978
0.247845
0.247711
0.247578
0.247445
0.247312
0.247716
0.247583
0.24745
0.247854
0.247721
0.247588
0.247991
0.247859
0.248261
0.248128
0.247996
0.248397
0.248799
0.2492
0.249067
0.248934
0.249334
0.249201
0.249069
0.249468
0.249335
0.249203
0.249071
0.248938
0.248806
0.248674
0.248543
0.248411
0.24828
0.248677
0.248546
0.248414
0.248811
0.24868
0.248549
0.248945
0.248814
0.24921
0.249078
0.248947
0.248816
0.248686
0.248555
0.248424
0.248819
0.249213
0.249082
0.248952
0.248821
0.249215
0.249084
0.248954
0.248824
0.248694
0.248564
0.248956
0.248826
0.248697
0.249088
0.248958
0.248829
0.24922
0.24909
0.24948
0.249351
0.24974
0.249611
0.249481
0.249352
0.249223
0.249094
0.248965
0.248836
0.248707
0.248579
0.248967
0.248838
0.24871
0.248582
0.248454
0.248326
0.248198
0.24807
0.247942
0.247815
0.247688
0.248074
0.247947
0.247819
0.247692
0.247565
0.247439
0.247824
0.247697
0.24757
0.247444
0.247317
0.247191
0.247065
0.246939
0.246813
0.247197
0.247071
0.247454
0.247328
0.247202
0.247077
0.246951
0.246826
0.246701
0.247083
0.246957
0.246832
0.246707
0.246582
0.246457
0.246333
0.246208
0.246589
0.24697
0.246845
0.24672
0.246596
0.246472
0.246348
0.246224
0.2461
0.246479
0.246858
0.246734
0.247112
0.246988
0.247366
0.247242
0.247118
0.246994
0.24687
0.246747
0.246623
0.247
0.246877
0.246753
0.24663
0.246507
0.246384
0.246261
0.246139
0.246016
0.245893
0.246269
0.246146
0.246024
0.245902
0.24578
0.245658
0.245536
0.245414
0.245788
0.245666
0.245545
0.245918
0.246291
0.246663
0.246542
0.24642
0.246298
0.24667
0.246548
0.246427
0.246798
0.247169
0.247047
0.246926
0.246804
0.246683
0.246562
0.246441
0.24632
0.24669
0.246569
0.246938
0.246817
0.246696
0.247065
0.246944
0.246823
0.246702
0.246582
0.246462
0.246341
0.246221
0.246101
0.245981
0.245862
0.246229
0.246595
0.246962
0.246842
0.246722
0.246602
0.246482
0.246363
0.246728
0.246609
0.246973
0.246854
0.246734
0.247099
0.246979
0.24686
0.246741
0.247104
0.247467
0.24783
0.248193
0.248555
0.248435
0.248316
0.248196
0.248077
0.247958
0.248319
0.2482
0.24856
0.248441
0.248322
0.248682
0.249042
0.248923
0.249282
0.249163
0.249522
0.249403
0.249284
0.249165
0.249523
0.249404
0.249285
0.249643
0.25
0.249881
0.249762
0.250119
0.250475
0.250831
0.251187
0.251068
0.251423
0.251304
0.251185
0.25154
0.25142
0.251301
0.251183
0.251064
0.251418
0.251771
0.252125
0.252006
0.251887
0.251768
0.251649
0.251531
0.251412
0.251294
0.251176
0.251058
0.25094
0.250822
0.251174
0.251056
0.250938
0.25082
0.251172
0.251054
0.250936
0.250819
0.250702
0.250584
0.250935
0.250817
0.2507
0.250583
0.250466
0.25035
0.250233
0.250116
0.250466
0.250349
0.250698
0.250581
0.250929
0.250813
0.250696
0.251044
0.251391
0.251739
0.251622
0.251505
0.251389
0.251273
0.251619
0.251965
0.251848
0.251732
0.252078
0.251961
0.252306
0.25219
0.252074
0.251958
0.251842
0.251726
0.25207
0.251954
0.251838
0.251723
0.251607
0.25195
0.251835
0.251719
0.251604
0.251489
0.251374
0.251716
0.251601
0.251486
0.251371
0.251256
0.251142
0.251027
0.250912
0.251254
0.251139
0.251025
0.251366
0.251252
0.251137
0.251023
0.250909
0.251249
0.251589
0.251475
0.251361
0.251701
0.251587
0.251473
0.251359
0.251245
0.251131
0.25147
0.251356
0.251243
0.251129
0.251016
0.251354
0.25124
0.251127
0.251014
0.251351
0.251238
0.251575
0.251462
0.251349
0.251236
0.251572
0.251459
0.251346
0.251682
0.25157
0.251457
0.251344
0.251679
0.251567
0.251902
0.252236
0.252123
0.252458
0.252345
0.252232
0.25212
0.252453
0.252786
0.252674
0.252561
0.252449
0.252336
0.252224
0.252112
0.252444
0.252777
0.253108
0.252996
0.253327
0.253659
0.253989
0.253877
0.253764
0.253652
0.25354
0.25387
0.253758
0.253646
0.253534
0.253422
0.25331
0.253639
0.253527
0.253856
0.253744
0.254073
0.253961
0.254289
0.254178
0.254066
0.253954
0.254282
0.25417
0.254059
0.253947
0.253836
0.253725
0.253614
0.25394
0.253829
0.253718
0.254045
0.254371
0.25426
0.254148
0.254038
0.253927
0.253816
0.253705
0.253595
0.253484
0.253374
0.253264
0.253154
0.253478
0.253368
0.253258
0.253582
0.253472
0.253362
0.253686
0.253576
0.253466
0.253356
0.253247
0.253137
0.253028
0.252918
0.252809
0.2527
0.253022
0.252913
0.252804
0.252695
0.252586
0.252477
0.252799
0.253121
0.253012
0.252903
0.252794
0.252686
0.252577
0.252898
0.25279
0.252681
0.253002
0.252893
0.252785
0.253105
0.253425
0.253316
0.253208
0.2531
0.252991
0.252883
0.252775
0.252668
0.252986
0.252878
0.252771
0.253089
0.252981
0.252874
0.252766
0.252658
0.252551
0.252869
0.252761
0.252654
0.252971
0.252864
0.252757
0.252649
0.252542
0.252435
0.252329
0.252222
0.252115
0.252008
0.251902
0.251796
0.251689
0.251583
0.251477
0.251792
0.251686
0.25158
0.251474
0.251368
0.251263
0.251578
0.251472
0.251366
0.251261
0.251575
0.251469
0.251364
0.251678
0.251572
0.251467
0.251362
0.251256
0.251151
0.251046
0.250941
0.250836
0.250731
0.250627
0.250522
0.250417
0.250313
0.250626
0.250521
0.250417
0.250312
0.250208
0.25052
0.250416
0.250312
0.250208
0.250519
0.250415
0.250726
0.251037
0.250933
0.250829
0.25114
0.251036
0.250932
0.251242
0.251138
0.251034
0.25093
0.25124
0.251549
0.251445
0.251341
0.251238
0.251134
0.251031
0.250927
0.251236
0.251132
0.251029
0.250926
0.250822
0.250719
0.250616
0.250924
0.251232
0.251539
0.251436
0.251333
0.251639
0.251536
0.251843
0.25174
0.251637
0.251534
0.251431
0.251737
0.252042
0.25194
0.251837
0.251734
0.251631
0.251936
0.252241
0.252138
0.252036
0.25234
0.252238
0.252135
0.252439
0.252743
0.25264
0.252538
0.252435
0.252333
0.252636
0.252939
0.252836
0.252734
0.252632
0.252529
0.252832
0.252729
0.253032
0.252929
0.252827
0.252725
0.252623
0.252925
0.252823
0.253124
0.253022
0.253323
0.253221
0.253119
0.253017
0.252915
0.253215
0.253114
0.253012
0.25291
0.25321
0.253109
0.253408
0.253307
0.253606
0.253504
0.253803
0.254102
0.254
0.254298
0.254596
0.254495
0.254792
0.254691
0.254589
0.254487
0.254785
0.254683
0.254582
0.25448
0.254777
0.254676
0.254574
0.254473
0.254372
0.254668
0.254567
0.254466
0.254365
0.254661
0.25456
0.254459
0.254358
0.254653
0.254949
0.254848
0.254747
0.254646
0.254545
0.254445
0.254344
0.254244
0.254144
0.254043
0.253943
0.253843
0.253743
0.254037
0.253937
0.253837
0.254131
0.254031
0.253931
0.253831
0.253731
0.253632
0.253532
0.253433
0.253333
0.253626
0.253527
0.253427
0.253328
0.25362
0.253521
0.253422
0.253714
0.253615
0.253516
0.253417
0.253318
0.253609
0.25351
0.253411
0.253313
0.253214
0.253115
0.253406
0.253307
0.253209
0.253499
0.253401
0.253302
0.253204
0.253494
0.253395
0.253297
0.253199
0.253101
0.25339
0.253292
0.253194
0.253096
0.253385
0.253287
0.253189
0.253091
0.25338
0.253282
0.253184
0.253086
0.252989
0.252891
0.252794
0.253082
0.253369
0.253272
0.253174
0.253462
0.253364
0.253267
0.253554
0.253456
0.253359
0.253645
0.253548
0.253451
0.253354
0.253257
0.25316
0.253063
0.253349
0.253252
0.253155
0.253058
0.252961
0.253247
0.25315
0.253435
0.253338
0.253242
0.253526
0.25343
0.253333
0.253237
0.25314
0.253044
0.252948
0.253232
0.253136
0.253419
0.253323
0.253227
0.253131
0.253035
0.252939
0.253222
0.253126
0.25303
0.252934
0.252839
0.252743
0.252648
0.252552
0.252834
0.252739
0.253021
0.252926
0.253208
0.253489
0.253394
0.253298
0.253203
0.253107
0.253012
0.253293
0.253198
0.253103
0.253383
0.253288
0.253569
0.253849
0.253754
0.253659
0.253563
0.253843
0.253748
0.254028
0.253933
0.254212
0.254117
0.254022
0.254301
0.254579
0.254484
0.254389
0.254294
0.254199
0.254478
0.254383
0.254288
0.254193
0.254098
0.254004
0.253909
0.253815
0.25372
0.253626
0.253532
0.253437
0.253343
0.25362
0.253526
0.253432
0.253709
0.253615
0.253521
0.253427
0.253333
0.25324
0.253516
0.253422
0.253328
0.253235
0.253141
0.253417
0.253693
0.253599
0.253506
0.253412
0.253319
0.253225
0.253132
0.253039
0.252946
0.25322
0.253127
0.253034
0.252941
0.252848
0.253123
0.25303
0.253304
0.253578
0.253485
0.253392
0.253299
0.253206
0.253114
0.253387
0.253294
0.253202
0.253109
0.253016
0.252924
0.252832
0.252739
0.252647
0.25292
0.253192
0.253465
0.253372
0.25328
0.253552
0.25346
0.253367
0.253275
0.253183
0.253091
0.252999
0.252907
0.252815
0.252723
0.252995
0.253266
0.253536
0.253445
0.253353
0.253261
0.253169
0.253077
0.252986
0.253256
0.253165
0.253073
0.252982
0.253251
0.25316
0.25343
0.253338
0.253608
0.253877
0.253785
0.253694
0.253963
0.253871
0.25414
0.254048
0.254317
0.254225
0.254493
0.254402
0.25431
0.254219
0.254128
0.254037
0.253945
0.253854
0.253763
0.253673
0.25394
0.253849
0.253758
0.253667
0.253577
0.253486
0.253395
0.253305
0.253214
0.253481
0.253747
0.253657
0.253923
0.253832
0.253742
0.253652
0.253917
0.253827
0.254093
0.254002
0.254267
0.254177
0.254087
0.253996
0.253906
0.253816
0.253726
0.253636
0.253901
0.253811
0.253721
0.253631
0.253895
0.253805
0.253715
0.253626
0.253536
0.253446
0.253357
0.253267
0.253178
0.253089
0.252999
0.25291
0.253173
0.253084
0.252995
0.252906
0.253169
0.25308
0.252991
0.252902
0.252813
0.252724
0.252635
0.252547
0.252458
0.25272
0.252632
0.252894
0.252805
0.252716
0.252628
0.252539
0.252451
0.252363
0.252274
0.252186
0.252448
0.252709
0.25297
0.253231
0.253142
0.253054
0.252966
0.252878
0.253138
0.253398
0.25331
0.253222
0.253134
0.253046
0.253305
0.253217
0.253129
0.253041
0.252953
0.253213
0.253125
0.253037
0.252949
0.253208
0.253121
0.253033
0.252945
0.253204
0.253463
0.253375
0.253287
0.2532
0.253112
0.25337
0.253283
0.253195
0.253108
0.25302
0.253278
0.253191
0.253103
0.253016
0.252929
0.252842
0.253099
0.253012
0.253269
0.253182
0.253439
0.253352
0.253608
0.253521
0.253434
0.25369
0.253946
0.254202
0.254115
0.254028
0.253941
0.253854
0.253767
0.25368
0.253593
0.253849
0.253762
0.254017
0.25393
0.253844
0.254098
0.254012
0.253925
0.253838
0.254093
0.254006
0.25392
0.253833
0.254087
0.254001
0.253914
0.253828
0.253741
0.253655
0.253569
0.253483
0.253397
0.253311
0.253225
0.253139
0.253392
0.253306
0.25322
0.253473
0.253388
0.253302
0.253555
0.253807
0.253721
0.253635
0.25355
0.253464
0.253378
0.253631
0.253545
0.253797
0.253711
0.253963
0.253877
0.254129
0.254043
0.253958
0.253872
0.253787
0.253701
0.253616
0.253867
0.253782
0.253696
0.253947
0.253862
0.253776
0.253691
0.253606
0.253521
0.253436
0.253686
0.253601
0.253516
0.253766
0.253681
0.253931
0.253846
0.253761
0.254011
0.253926
0.253841
0.253756
0.253672
0.253587
0.253836
0.253751
0.253667
0.253915
0.253831
0.253746
0.253662
0.25391
0.253826
0.253741
0.253657
0.253573
0.253488
0.253404
0.25332
0.253236
0.253152
0.2534
0.253316
0.253232
0.253148
0.253064
0.25298
0.252896
0.253144
0.25306
0.252976
0.252893
0.252809
0.252725
0.252642
0.252559
0.252475
0.252392
0.252309
0.252226
0.252142
0.252059
0.252306
0.252223
0.25214
0.252057
0.251974
0.251891
0.251808
0.251725
0.251643
0.25156
0.251477
0.251395
0.251312
0.25123
0.251148
0.251065
0.250983
0.251228
0.251473
0.251391
0.251636
0.251554
0.251472
0.251389
0.251307
0.251225
0.251143
0.251061
0.250979
0.251223
0.251142
0.25106
0.251304
0.251222
0.25114
0.251058
0.250977
0.250895
0.251139
0.251057
0.250975
0.251219
0.251137
0.251056
0.250974
0.250893
0.251136
0.251054
0.250973
0.250891
0.251134
0.251053
0.250972
0.251214
0.251133
0.251375
0.251294
0.251212
0.251131
0.25105
0.250969
0.250888
0.25113
0.251049
0.250968
0.250887
0.250806
0.250725
0.250644
0.250564
0.250483
0.250402
0.250322
0.250241
0.250161
0.250402
0.250321
0.250562
0.250803
0.250722
0.250642
0.250561
0.250802
0.250721
0.250641
0.250561
0.250801
0.251041
0.25096
0.25088
0.2508
0.25072
0.250639
0.250559
0.250479
0.250719
0.250639
0.250559
0.250479
0.250399
0.250319
0.250239
0.250159
0.250398
0.250318
0.250239
0.250159
0.250398
0.250318
0.250238
0.250159
0.250079
0.25
0.250238
0.250159
0.250079
0.25
0.249921
0.249841
0.250079
0.250317
0.250238
0.250158
0.250079
0.25
0.249921
0.249842
0.249763
0.25
0.249921
0.250158
0.250079
0.25
0.249921
0.250158
0.250394
0.250631
0.250552
0.250473
0.250709
0.25063
0.250551
0.250787
0.251022
0.250943
0.250865
0.2511
0.251021
0.250942
0.250863
0.250785
0.250706
0.250627
0.250862
0.251097
0.251018
0.251253
0.251488
0.251409
0.251643
0.251564
0.251486
0.25172
0.251641
0.251563
0.251796
0.25203
0.251951
0.251873
0.252106
0.252027
0.252261
0.252182
0.252103
0.252025
0.251946
0.252179
0.252412
0.252334
0.252255
0.252177
0.252409
0.252331
0.252563
0.252795
0.252717
0.252638
0.25256
0.252481
0.252403
0.252325
0.252557
0.252478
0.25271
0.252632
0.252553
0.252475
0.252706
0.252628
0.25255
0.252472
0.252394
0.252316
0.252547
0.252469
0.252391
0.252622
0.252544
0.252466
0.252696
0.252619
0.252541
0.252463
0.252693
0.252615
0.252538
0.25246
0.25269
0.252612
0.252535
0.252457
0.252379
0.252302
0.252225
0.252147
0.25207
0.251993
0.251915
0.251838
0.251761
0.251684
0.251607
0.25153
0.251453
0.251376
0.251299
0.251222
0.251146
0.251374
0.251298
0.251221
0.251144
0.251068
0.251296
0.251524
0.251448
0.251371
0.251295
0.251218
0.251142
0.251369
0.251293
0.251217
0.25114
0.251064
0.250988
0.250911
0.250835
0.250759
0.250986
0.25091
0.250834
0.250758
0.250682
0.250606
0.250833
0.250757
0.250681
0.250605
0.250832
0.250756
0.25068
0.250907
0.250831
0.250755
0.25068
0.250604
0.250528
0.250453
0.250377
0.250302
0.250226
0.250151
0.250075
0.25
0.249925
0.249849
0.250075
0.25
0.250226
0.25015
0.250376
0.2503
0.250225
0.25015
0.250075
0.25
0.249925
0.24985
0.249775
0.2497
0.249625
0.249551
0.249476
0.249401
0.249327
0.249252
0.249177
0.249103
0.249028
0.248954
0.24888
0.248805
0.24903
0.249254
0.249179
0.249105
0.249031
0.248956
0.248882
0.248808
0.248734
0.248958
0.249181
0.249405
0.249331
0.249256
0.249182
0.249405
0.249331
0.249257
0.249183
0.249406
0.249629
0.249555
0.249778
0.249703
0.249629
0.249852
0.249778
0.249704
0.24963
0.249556
0.249482
0.249704
0.249926
0.250148
0.250074
0.25
0.250222
0.250148
0.250369
0.250295
0.250221
0.250147
0.250074
0.25
0.249926
0.249853
0.250074
0.25
0.249926
0.250147
0.250368
0.250294
0.250515
0.250441
0.250367
0.250294
0.25022
0.250147
0.250073
0.25
0.249927
0.249853
0.24978
0.249707
0.249927
0.249854
0.250073
0.250293
0.250219
0.250146
0.250073
0.250292
0.250512
0.250438
0.250365
0.250292
0.250219
0.250146
0.250073
0.25
0.249927
0.249854
0.249781
0.249709
0.249636
0.249563
0.249491
0.249418
0.249345
0.249273
0.2492
0.249128
0.249346
0.249274
0.249201
0.249129
0.249347
0.249565
0.249782
0.24971
0.249638
0.249565
0.249493
0.24971
0.249638
0.249566
0.249493
0.249711
0.249638
0.249855
0.249783
0.25
0.249928
0.249856
0.249783
0.25
0.249928
0.250144
0.250072
0.25
0.249928
0.249856
0.249784
0.249712
0.249928
0.249856
0.250072
0.250288
0.250216
0.250431
0.250359
0.250575
0.250503
0.250718
0.250646
0.250861
0.250789
0.251004
0.250932
0.251147
0.251361
0.251289
0.251504
0.251432
0.25136
0.251288
0.251502
0.25143
0.251358
0.251286
0.251215
0.251429
0.251357
0.251285
0.251213
0.251142
0.251355
0.251569
0.251497
0.25171
0.251639
0.251852
0.25178
0.251708
0.251637
0.251565
0.251778
0.251991
0.251919
0.251848
0.251776
0.251705
0.251633
0.251562
0.25149
0.251419
0.251348
0.251276
0.251205
0.251134
0.251063
0.251275
0.251204
0.251416
0.251344
0.251273
0.251202
0.251414
0.251626
0.251555
0.251483
0.251412
0.251341
0.25127
0.2512
0.251129
0.25134
0.251269
0.251198
0.251409
0.251338
0.251268
0.251197
0.251126
0.251055
0.250985
0.250914
0.250844
0.250773
0.250703
0.250632
0.250562
0.250491
0.250421
0.250351
0.250281
0.250491
0.250421
0.25035
0.25028
0.25021
0.25042
0.25063
0.25056
0.25049
0.25042
0.25035
0.250559
0.250489
0.250699
0.250629
0.250559
0.250489
0.250419
0.250349
0.250279
0.250209
0.250139
0.250348
0.250279
0.250209
0.250139
0.250348
0.250278
0.250209
0.250417
0.250348
0.250278
0.250209
0.250139
0.250069
0.25
0.249931
0.249861
0.249792
0.249723
0.249653
0.249584
0.249792
0.249723
0.249654
0.249584
0.249515
0.249446
0.249377
0.249585
0.249793
0.249723
0.249654
0.249585
0.249516
0.249448
0.249379
0.24931
0.249241
0.249172
0.249379
0.249586
0.249793
0.25
0.250207
0.250138
0.250069
0.25
0.250206
0.250138
0.250344
0.250275
0.250206
0.250137
0.250069
0.25
0.249931
0.249863
0.249794
0.25
0.250206
0.250137
0.250069
0.250274
0.250206
0.250411
0.250342
0.250548
0.250479
0.250411
0.250342
0.250274
0.250479
0.250683
0.250888
0.25082
0.250751
0.250956
0.250887
0.250819
0.25075
0.250682
0.250614
0.250545
0.250477
0.250409
0.250341
0.250272
0.250204
0.250408
0.25034
0.250272
0.250204
0.250136
0.250068
0.25
0.250204
0.250136
0.250068
0.25
0.249932
0.249864
0.250068
0.250271
0.250203
0.250407
0.250339
0.250542
0.250474
0.250406
0.250338
0.250271
0.250473
0.250406
0.250338
0.25027
0.250203
0.250135
0.250338
0.25027
0.250472
0.250405
0.250607
0.250539
0.250741
0.250674
0.250606
0.250539
0.250471
0.250404
0.250336
0.250269
0.250202
0.250134
0.250067
0.25
0.250202
0.250403
0.250336
0.250537
0.25047
0.250403
0.250604
0.250536
0.250469
0.250402
0.250335
0.250268
0.250201
0.250402
0.250335
0.250268
0.250201
0.250134
0.250067
0.25
0.249933
0.249866
0.2498
0.25
0.249933
0.250133
0.250067
0.25
0.249933
0.249867
0.250067
0.25
0.249933
0.249867
0.2498
0.249734
0.249667
0.249601
0.249534
0.249734
0.249668
0.249601
0.249535
0.249469
0.249402
0.249336
0.24927
0.249204
0.249138
0.249072
0.249006
0.249205
0.249139
0.249073
0.249007
0.248941
0.248875
0.248809
0.248743
0.248677
0.248876
0.249075
0.249273
0.249207
0.249141
0.24934
0.249274
0.249208
0.249142
0.24934
0.249275
0.249209
0.249143
0.249077
0.249275
0.249473
0.249407
0.249342
0.249539
0.249474
0.249408
0.249342
0.24954
0.249474
0.249409
0.249606
0.24954
0.249737
0.249672
0.249606
0.249541
0.249738
0.249934
0.250131
0.250066
0.25
0.249935
0.249869
0.250065
0.25
0.250196
0.250392
0.250327
0.250262
0.250196
0.250131
0.250065
0.25
0.249935
0.249869
0.250065
0.250261
0.250196
0.25013
0.250326
0.250261
0.250195
0.25013
0.250065
0.25
0.250195
0.25039
0.250585
0.25078
0.250715
0.25065
0.250585
0.25052
0.250455
0.25039
0.250325
0.250519
0.250454
0.250389
0.250324
0.250259
0.250454
0.250389
0.250324
0.250259
0.250194
0.250129
0.250065
0.250259
0.250453
0.250647
0.250582
0.250517
0.250452
0.250388
0.250323
0.250517
0.25071
0.250903
0.250839
0.251032
0.250967
0.250903
0.250838
0.251031
0.250966
0.250902
0.250837
0.250772
0.250708
0.250901
0.251093
0.251286
0.251479
0.251414
0.251349
0.251542
0.251477
0.251412
0.251348
0.25154
0.251475
0.251411
0.251346
0.251282
0.251218
0.251153
0.251089
0.251025
0.25096
0.251152
0.251088
0.251024
0.250959
0.251151
0.251087
0.251022
0.250958
0.25115
0.251341
0.251532
0.251723
0.251659
0.25185
0.251786
0.251721
0.251657
0.251593
0.251529
0.25172
0.25191
0.251846
0.252037
0.251973
0.251908
0.251844
0.25178
0.251971
0.251906
0.251842
0.251778
0.251715
0.251651
0.251587
0.251523
0.251459
0.251395
0.251331
0.251521
0.251458
0.251394
0.25133
0.251266
0.251456
0.251392
0.251582
0.251518
0.251708
0.251897
0.251833
0.251769
0.251706
0.251895
0.252084
0.25202
0.251957
0.252145
0.252082
0.252018
0.251955
0.251891
0.251828
0.251764
0.251701
0.251889
0.251826
0.252014
0.251951
0.251887
0.251824
0.251761
0.251697
0.251634
0.251822
0.251759
0.251696
0.251883
0.25182
0.251757
0.251694
0.251882
0.251818
0.251755
0.251692
0.251629
0.251566
0.251754
0.25169
0.251627
0.251815
0.251752
0.251939
0.251876
0.251813
0.25175
0.251687
0.251624
0.251561
0.251748
0.251685
0.251623
0.25156
0.251497
0.251434
0.251621
0.251558
0.251496
0.251433
0.25137
0.251308
0.251245
0.251182
0.251369
0.251306
0.251244
0.25143
0.251367
0.251305
0.251243
0.25118
0.251118
0.251055
0.250993
0.251179
0.251365
0.251302
0.25124
0.251178
0.251116
0.251053
0.250991
0.250929
0.250867
0.250805
0.250743
0.250681
0.250619
0.250804
0.250742
0.25068
0.250865
0.250803
0.250988
0.251173
0.251111
0.251296
0.251234
0.251172
0.25111
0.251048
0.250986
0.250924
0.251109
0.251293
0.251232
0.25117
0.251108
0.251046
0.25123
0.251169
0.251107
0.251045
0.251229
0.251167
0.251351
0.25129
0.251228
0.251166
0.251105
0.251043
0.250981
0.25092
0.250858
0.250797
0.250735
0.250919
0.250857
0.250796
0.250735
0.250673
0.250612
0.250551
0.250489
0.250428
0.250367
0.250306
0.250244
0.250183
0.250122
0.250061
0.250244
0.250183
0.250366
0.250549
0.250488
0.250427
0.250366
0.250548
0.250731
0.25067
0.250852
0.251035
0.250974
0.250913
0.250852
0.250791
0.25073
0.250669
0.250608
0.250547
0.250486
0.250425
0.250364
0.250303
0.250243
0.250182
0.250121
0.250061
0.25
0.249939
0.249879
0.250061
0.25
0.250182
0.250121
0.250061
0.25
0.24994
0.249879
0.249819
0.249758
0.249698
0.249638
0.249577
0.249758
0.249698
0.249638
0.249578
0.249759
0.249698
0.249638
0.249578
0.249518
0.249458
0.249398
0.249338
0.249277
0.249217
0.249157
0.249097
0.249038
0.248978
0.248918
0.249098
0.249038
0.248979
0.248919
0.248859
0.248799
0.24898
0.24892
0.2491
0.24904
0.248981
0.248921
0.249101
0.249041
0.248982
0.248922
0.248862
0.249042
0.248983
0.248923
0.249103
0.249043
0.248983
0.248924
0.248864
0.248805
0.248746
0.248925
0.249104
0.249284
0.249463
0.249403
0.249344
0.249284
0.249225
0.249165
0.249106
0.249047
0.248987
0.249166
0.249345
0.249286
0.249464
0.249643
0.249584
0.249762
0.249703
0.249643
0.249584
0.249525
0.249465
0.249406
0.249347
0.249288
0.249229
0.249169
0.24911
0.249288
0.249229
0.24917
0.249348
0.249526
0.249467
0.249408
0.249349
0.24929
0.249231
0.249172
0.249113
0.249054
0.248995
0.248936
0.249114
0.249055
0.248996
0.249173
0.249351
0.249292
0.249233
0.249174
0.249115
0.249057
0.248998
0.248939
0.248881
0.248822
0.248763
0.24894
0.249117
0.249058
0.249
0.248941
0.248883
0.248824
0.249001
0.248942
0.249119
0.24906
0.249002
0.249178
0.24912
0.249061
0.249003
0.248944
0.24912
0.249062
0.249238
0.24918
0.249121
0.249063
0.249004
0.24918
0.249356
0.249298
0.249239
0.249415
0.249357
0.249298
0.24924
0.249182
0.249124
0.249299
0.249241
0.249183
0.249358
0.249533
0.249475
0.249417
0.249592
0.249534
0.249475
0.249417
0.249359
0.249301
0.249476
0.249418
0.24936
0.249302
0.249244
0.249418
0.249593
0.249535
0.249709
0.249884
0.250058
0.250232
0.250174
0.250116
0.250058
0.25
0.249942
0.249884
0.249826
0.249768
0.24971
0.249652
0.249594
0.249768
0.24971
0.249884
0.249826
0.249769
0.249711
0.249653
0.249595
0.249769
0.249711
0.249653
0.249827
0.249769
0.249711
0.249654
0.249596
0.249769
0.249712
0.249654
0.249596
0.249539
0.249712
0.249654
0.249597
0.249539
0.249482
0.249424
0.249367
0.249309
0.249252
0.249195
0.249137
0.24908
0.249023
0.248966
0.248908
0.248851
0.248794
0.248737
0.248909
0.248852
0.248795
0.248738
0.248681
0.248624
0.248567
0.248739
0.248911
0.249083
0.249026
0.248969
0.248912
0.248855
0.248798
0.24897
0.248913
0.248856
0.249028
0.2492
0.249371
0.249314
0.249257
0.249429
0.2496
0.249543
0.249486
0.249658
0.249601
0.249772
0.249715
0.249658
0.249601
0.249772
0.249715
0.249658
0.249829
0.25
0.249943
0.249886
0.249829
0.249773
0.249716
0.249886
0.250057
0.25
0.249943
0.249886
0.24983
0.249773
0.249716
0.24966
0.249603
0.249546
0.24949
0.249433
0.249377
0.249547
0.24949
0.249434
0.249377
0.249547
0.249491
0.249434
0.249378
0.249321
0.249265
0.249209
0.249152
0.249322
0.249266
0.249435
0.249379
0.249322
0.249266
0.24921
0.249154
0.249097
0.249041
0.249211
0.249154
0.249324
0.249493
0.249662
0.249606
0.24955
0.249493
0.249437
0.249381
0.249325
0.249494
0.249438
0.249382
0.249326
0.249269
0.249213
0.249157
0.249326
0.24927
0.249439
0.249607
0.249551
0.24972
0.249664
0.249608
0.249552
0.249496
0.24944
0.249384
0.249328
0.249272
0.24944
0.249384
0.249329
0.249273
0.249217
0.249161
0.249106
0.24905
0.248994
0.248939
0.248883
0.248827
0.248772
0.248716
0.248661
0.248605
0.248773
0.248717
0.248662
0.248606
0.248774
0.248941
0.248886
0.24883
0.248775
0.24872
0.248887
0.248832
0.248776
0.248943
0.248888
0.248833
0.248777
0.248722
0.248667
0.248611
0.248556
0.248501
0.248668
0.248613
0.248557
0.248502
0.248669
0.248614
0.248559
0.248504
0.248449
0.248615
0.24856
0.248726
0.248893
0.248838
0.248783
0.248728
0.248894
0.24906
0.249005
0.24895
0.248895
0.24884
0.248785
0.24873
0.248896
0.248841
0.248786
0.248952
0.248897
0.249062
0.249228
0.249173
0.249339
0.249284
0.249229
0.249174
0.249339
0.249284
0.249229
0.249175
0.24912
0.249065
0.24901
0.249175
0.24912
0.249286
0.249451
0.249615
0.24978
0.249725
0.249671
0.249616
0.249561
0.249726
0.249671
0.249616
0.249561
0.249507
0.249671
0.249616
0.249562
0.249726
0.249671
0.249617
0.249562
0.249508
0.249453
0.249398
0.249344
0.249289
0.249453
0.249399
0.249344
0.24929
0.249235
0.249181
0.249127
0.249072
0.249018
0.248964
0.248909
0.248855
0.248801
0.248964
0.24891
0.248856
0.248802
0.248748
0.248693
0.248639
0.248585
0.248531
0.248477
0.24864
0.248586
0.248532
0.248478
0.248424
0.248588
0.248534
0.248697
0.248643
0.248589
0.248535
0.248481
0.248427
0.248373
0.248319
0.248482
0.248428
0.248375
0.248321
0.248484
0.24843
0.248376
0.248322
0.248485
0.248431
0.248377
0.248324
0.248486
0.248432
0.248595
0.248541
0.248487
0.248434
0.24838
0.248326
0.248489
0.248435
0.248382
0.248544
0.24849
0.248436
0.248383
0.248545
0.248491
0.248653
0.2486
0.248762
0.248708
0.248654
0.248816
0.248978
0.248924
0.248871
0.248817
0.248764
0.248925
0.248872
0.248818
0.248765
0.248711
0.248658
0.248819
0.248766
0.248927
0.248874
0.24882
0.248981
0.248928
0.248875
0.249036
0.248982
0.248929
0.248876
0.249036
0.248983
0.24893
0.248877
0.249037
0.249198
0.249145
0.249091
0.249038
0.248985
0.249145
0.249092
0.249039
0.248986
0.249146
0.249093
0.24904
0.248987
0.249147
0.249094
0.249254
0.249201
0.249147
0.249307
0.249254
0.249201
0.249148
0.249095
0.249042
0.248989
0.248936
0.248883
0.24883
0.248777
0.248937
0.249097
0.249044
0.248991
0.248938
0.248885
0.248832
0.248779
0.248727
0.248674
0.248621
0.248568
0.248516
0.248463
0.24841
0.24857
0.248517
0.248676
0.248835
0.248783
0.24873
0.248677
0.248836
0.248784
0.248731
0.248678
0.248626
0.248573
0.248521
0.248468
0.248416
0.248574
0.248522
0.248469
0.248417
0.248576
0.248734
0.248682
0.248629
0.248577
0.248524
0.248472
0.24863
0.248578
0.248526
0.248473
0.248632
0.248579
0.248527
0.248475
0.248422
0.24837
0.248318
0.248266
0.248214
0.248372
0.248319
0.248267
0.248215
0.248373
0.248321
0.248478
0.248426
0.248584
0.248532
0.24848
0.248637
0.248585
0.248533
0.248481
0.248429
0.248586
0.248534
0.248692
0.24864
0.248588
0.248745
0.248902
0.24885
0.249007
0.248955
0.248903
0.248851
0.248799
0.248747
0.248904
0.248852
0.2488
0.248748
0.248905
0.249061
0.249009
0.248957
0.249114
0.249271
0.249219
0.249167
0.249115
0.249063
0.249011
0.248959
0.248907
0.249064
0.249012
0.24896
0.249116
0.249272
0.249428
0.249377
0.249325
0.249481
0.249429
0.249377
0.249533
0.249481
0.249637
0.249793
0.249741
0.249896
0.249844
0.249793
0.249948
0.249896
0.250052
0.25
0.249948
0.249896
0.249845
0.249793
0.249741
0.24969
0.249638
0.249586
0.249742
0.24969
0.249638
0.249587
0.249742
0.24969
0.249639
0.249587
0.249742
0.24969
0.249845
0.249794
0.249742
0.249897
0.249845
0.249794
0.249742
0.249691
0.249846
0.25
0.249949
0.250103
0.250051
0.25
0.249949
0.250103
0.250051
0.25
0.250154
0.250308
0.250462
0.250411
0.250359
0.250513
0.250667
0.250616
0.25077
0.250923
0.250872
0.25082
0.250769
0.250923
0.250871
0.25082
0.250768
0.250717
0.25087
0.250819
0.250972
0.250921
0.25087
0.251023
0.250972
0.25092
0.251073
0.251022
0.251175
0.251124
0.251073
0.251021
0.25097
0.250919
0.251072
0.25102
0.250969
0.250918
0.250867
0.250816
0.250765
0.250713
0.250662
0.250611
0.25056
0.250509
0.250458
0.250611
0.25056
0.250509
0.250458
0.250407
0.250356
0.250305
0.250457
0.25061
0.250559
0.250508
0.250457
0.250406
0.250355
0.250305
0.250254
0.250203
0.250152
0.250101
0.250253
0.250203
0.250152
0.250304
0.250456
0.250405
0.250354
0.250304
0.250253
0.250202
0.250152
0.250101
0.250051
0.25
0.249949
0.249899
0.249848
0.249798
0.249747
0.249899
0.249849
0.249798
0.24995
0.249899
0.249849
0.25
0.24995
0.249899
0.249849
0.25
0.24995
0.249899
0.249849
0.25
0.24995
0.249899
0.249849
0.249799
0.249748
0.249899
0.249849
0.249799
0.24995
0.249899
0.25005
0.25
0.24995
0.2501
0.250251
0.250201
0.250151
0.2501
0.25005
0.250201
0.250351
0.250501
0.250652
0.250601
0.250551
0.250701
0.250651
0.250601
0.250551
0.250501
0.25045
0.2504
0.25035
0.2505
0.25045
0.2506
0.25055
0.2505
0.25045
0.2504
0.25035
0.2503
0.25025
0.250399
0.250349
0.250299
0.250449
0.250599
0.250549
0.250499
0.250449
0.250399
0.250349
0.250299
0.250448
0.250398
0.250349
0.250299
0.250249
0.250199
0.250149
0.250099
0.25005
0.250199
0.250149
0.250298
0.250248
0.250397
0.250348
0.250298
0.250248
0.250199
0.250149
0.250099
0.250248
0.250198
0.250149
0.250298
0.250248
0.250198
0.250149
0.250099
0.250248
0.250198
0.250347
0.250495
0.250445
0.250396
0.250346
0.250495
0.250445
0.250396
0.250346
0.250297
0.250247
0.250198
0.250148
0.250099
0.250049
0.25
0.250148
0.250099
0.250049
0.250197
0.250148
0.250099
0.250049
0.25
0.250148
0.250099
0.250049
0.25
0.249951
0.249902
0.249852
0.25
0.249951
0.249902
0.249852
0.249803
0.249754
0.249705
0.249656
0.249803
0.249754
0.249705
0.249656
0.249607
0.249558
0.249509
0.24946
0.249608
0.249559
0.249706
0.249853
0.249804
0.249951
0.249902
0.249853
0.249804
0.249951
0.250098
0.250245
0.250196
0.250147
0.250098
0.250049
0.250196
0.250147
0.250098
0.250049
0.25
0.250147
0.250098
0.250049
0.25
0.249951
0.249902
0.249854
0.249805
0.249951
0.250098
0.250244
0.250195
0.250146
0.250097
0.250244
0.250195
0.250341
0.250292
0.250243
0.250195
0.250341
0.250487
0.250438
0.250389
0.25034
0.250292
0.250243
0.250194
0.25034
0.250291
0.250243
0.250194
0.250146
0.250097
0.250243
0.250194
0.250146
0.250097
0.250242
0.250194
0.250145
0.250291
0.250242
0.250194
0.250145
0.250097
0.250048
0.25
0.250145
0.250097
0.250048
0.25
0.249952
0.249903
0.249855
0.249807
0.249758
0.249903
0.249855
0.249807
0.249759
0.249903
0.249855
0.249807
0.249759
0.249711
0.249662
0.249614
0.249759
0.249904
0.249855
0.249807
0.249759
0.249904
0.249856
0.249807
0.249759
0.249711
0.249663
0.249615
0.249567
0.249519
0.249663
0.249615
0.249567
0.249519
0.249471
0.249616
0.249568
0.249712
0.249664
0.249616
0.249568
0.24952
0.249664
0.249808
0.249952
0.249904
0.249856
0.249808
0.24976
0.249713
0.249856
0.249808
0.249952
0.249904
0.249856
0.25
0.249952
0.249904
0.250048
0.25
0.249952
0.249904
0.250048
0.25
0.249952
0.249904
0.249857
0.249809
0.249761
0.249714
0.249666
0.249618
0.249571
0.249523
0.249475
0.249428
0.24938
0.249333
0.249285
0.249428
0.249381
0.249333
0.249286
0.249429
0.249572
0.249524
0.249477
0.249429
0.249572
0.249525
0.249477
0.24943
0.249382
0.249335
0.249287
0.24924
0.249193
0.249145
0.249098
0.249051
0.249193
0.249146
0.249099
0.249241
0.249194
0.249147
0.2491
0.249052
0.249005
0.249147
0.2491
0.249053
0.249195
0.249148
0.249101
0.249054
0.249007
0.24896
0.248912
0.248865
0.248818
0.248771
0.248724
0.248677
0.24863
0.248583
0.248725
0.248678
0.248631
0.248584
0.248537
0.248491
0.248444
0.248397
0.24835
0.248492
0.248445
0.248398
0.24854
0.248493
0.248446
0.248399
0.248352
0.248306
0.248259
0.248212
0.248166
0.248307
0.24826
0.248214
0.248355
0.248308
0.248262
0.248403
0.248356
0.24831
0.248263
0.248216
0.24817
0.248123
0.248077
0.24803
0.247983
0.247937
0.24789
0.248031
0.247985
0.248126
0.248267
0.24822
0.248174
0.248127
0.248268
0.248222
0.248362
0.248316
0.248269
0.24841
0.248364
0.248317
0.248271
0.248224
0.248365
0.248505
0.248459
0.248599
0.248553
0.248506
0.24846
0.248414
0.248554
0.248694
0.248648
0.248601
0.248555
0.248509
0.248462
0.248416
0.24837
0.248323
0.248277
0.248231
0.248185
0.248325
0.248278
0.248232
0.248186
0.24814
0.248094
0.248234
0.248187
0.248141
0.248095
0.248049
0.248003
0.247957
0.248097
0.248051
0.248004
0.247958
0.247912
0.247866
0.24782
0.24796
0.247914
0.248053
0.248193
0.248332
0.248471
0.248425
0.248565
0.248519
0.248473
0.248427
0.248381
0.248335
0.248289
0.248243
0.248197
0.248151
0.24829
0.248429
0.248383
0.248522
0.248476
0.24843
0.248384
0.248523
0.248477
0.248431
0.248385
0.248339
0.248294
0.248248
0.248202
0.248156
0.248111
0.248065
0.248019
0.247973
0.247928
0.248066
0.248021
0.248159
0.248297
0.248252
0.248206
0.248344
0.248299
0.248253
0.248207
0.248162
0.248116
0.248254
0.248209
0.248163
0.248118
0.248072
0.248026
0.247981
0.247935
0.248073
0.248028
0.247982
0.247937
0.247891
0.247846
0.247801
0.247755
0.24771
0.247664
0.247619
0.247574
0.247528
0.247483
0.247438
0.247392
0.24753
0.247485
0.247623
0.247577
0.247532
0.247487
0.247442
0.247396
0.247351
0.247489
0.247443
0.247581
0.247536
0.24749
0.247445
0.2474
0.247355
0.247492
0.247447
0.247402
0.247539
0.247494
0.247631
0.247586
0.247541
0.247496
0.247451
0.247406
0.247361
0.247316
0.247453
0.247408
0.247363
0.247318
0.247273
0.24741
0.247546
0.247501
0.247456
0.247593
0.247548
0.247503
0.247458
0.247413
0.247368
0.247324
0.247279
0.247234
0.247189
0.247325
0.247281
0.247236
0.247191
0.247146
0.247101
0.247057
0.247193
0.247148
0.247104
0.247059
0.247014
0.246969
0.246925
0.247061
0.247016
0.246972
0.247108
0.247244
0.24738
0.247335
0.24729
0.247426
0.247382
0.247337
0.247473
0.247428
0.247384
0.247519
0.247655
0.247791
0.247926
0.247882
0.247837
0.247973
0.247928
0.247883
0.247839
0.247794
0.247749
0.247885
0.24784
0.247796
0.247931
0.247886
0.247842
0.247977
0.248112
0.248247
0.248382
0.248338
0.248293
0.248249
0.248204
0.248159
0.248115
0.24807
0.248026
0.247981
0.247937
0.247892
0.248027
0.247983
0.247938
0.248073
0.248029
0.247984
0.24794
0.247895
0.247851
0.247986
0.247941
0.248076
0.248031
0.247987
0.247943
0.247898
0.247854
0.24781
0.247765
0.247721
0.247677
0.247811
0.247946
0.247901
0.247857
0.247991
0.247947
0.248081
0.248037
0.248171
0.248127
0.248083
0.248039
0.247994
0.24795
0.248084
0.24804
0.247996
0.247952
0.248085
0.248041
0.247997
0.247953
0.247909
0.247865
0.247821
0.247954
0.24791
0.247866
0.247822
0.247778
0.247734
0.24769
0.247824
0.24778
0.247736
0.247692
0.247648
0.247781
0.247737
0.247693
0.247649
0.247606
0.247739
0.247872
0.248006
0.247962
0.247918
0.248051
0.248184
0.24814
0.248096
0.248052
0.248008
0.247965
0.247921
0.248054
0.248187
0.248143
0.248099
0.248055
0.248011
0.248144
0.2481
0.248057
0.248013
0.247969
0.248102
0.248234
0.248367
0.248323
0.24828
0.248236
0.248192
0.248325
0.248457
0.248413
0.248369
0.248502
0.248634
0.248591
0.248547
0.248503
0.248459
0.248415
0.248548
0.248504
0.24846
0.248417
0.248373
0.248329
0.248286
0.248242
0.248374
0.24833
0.248287
0.248243
0.248375
0.248332
0.248288
0.248244
0.248201
0.248157
0.248289
0.248246
0.248202
0.248159
0.248115
0.248072
0.248203
0.248335
0.248292
0.248248
0.248205
0.248161
0.248118
0.248249
0.248206
0.248337
0.248294
0.248251
0.248207
0.248164
0.24812
0.248077
0.248034
0.24799
0.247947
0.248078
0.248035
0.247992
0.247948
0.247905
0.247862
0.247993
0.24795
0.248081
0.248038
0.247994
0.247951
0.247908
0.248039
0.24817
0.248127
0.248258
0.248215
0.248346
0.248302
0.248259
0.248216
0.248173
0.248129
0.248086
0.248043
0.248
0.248131
0.248088
0.248044
0.248001
0.248132
0.248089
0.248046
0.248003
0.248133
0.24809
0.248221
0.248178
0.248135
0.248092
0.248049
0.248006
0.247963
0.24792
0.247877
0.247834
0.247964
0.247921
0.247878
0.247835
0.247792
0.247922
0.24788
0.247837
0.247794
0.247924
0.247881
0.247838
0.247968
0.247925
0.247882
0.248012
0.24797
0.247927
0.247884
0.247841
0.247971
0.248101
0.248231
0.24836
0.24849
0.248447
0.248404
0.248534
0.248491
0.248448
0.248578
0.248535
0.248492
0.248449
0.248407
0.248536
0.248493
0.248623
0.24858
0.248537
0.248494
0.248624
0.248753
0.24871
0.248667
0.248624
0.248582
0.248539
0.248496
0.248454
0.248411
0.248368
0.248497
0.248626
0.248584
0.248541
0.248498
0.248456
0.248413
0.24837
0.248328
0.248285
0.248243
0.2482
0.248158
0.248115
0.248073
0.24803
0.247988
0.247945
0.247903
0.24786
0.247818
0.247775
0.247733
0.247691
0.247648
0.247606
0.247564
0.247521
0.247479
0.247437
0.247394
0.247352
0.24731
0.247268
0.247226
0.247354
0.247312
0.24727
0.247398
0.247356
0.247314
0.247271
0.247229
0.247187
0.247145
0.247273
0.247402
0.247359
0.247317
0.247275
0.247233
0.247191
0.247149
0.247277
0.247405
0.247363
0.247491
0.247449
0.247577
0.247535
0.247493
0.247621
0.247579
0.247537
0.247664
0.247622
0.24775
0.247708
0.247666
0.247624
0.247582
0.24754
0.247668
0.247626
0.247584
0.247542
0.247669
0.247627
0.247755
0.247882
0.24784
0.247798
0.247756
0.247714
0.247672
0.24763
0.247588
0.247547
0.247505
0.247463
0.247421
0.247379
0.247337
0.247295
0.247254
0.247381
0.247339
0.247297
0.247256
0.247214
0.247172
0.24713
0.247257
0.247216
0.247174
0.247132
0.247091
0.247049
0.247176
0.247303
0.247261
0.247388
0.247346
0.247473
0.247431
0.24739
0.247348
0.247306
0.247265
0.247391
0.24735
0.247308
0.247435
0.247393
0.247352
0.24731
0.247268
0.247395
0.247521
0.24748
0.247438
0.247397
0.247355
0.247482
0.247608
0.247566
0.247525
0.247651
0.247609
0.247568
0.247526
0.247485
0.247443
0.247402
0.24736
0.247487
0.247445
0.247404
0.247362
0.247321
0.247279
0.247238
0.247197
0.247155
0.247281
0.24724
0.247366
0.247324
0.24745
0.247576
0.247535
0.247493
0.247619
0.247578
0.247703
0.247662
0.247621
0.247579
0.247538
0.247497
0.247455
0.247414
0.247373
0.247332
0.24729
0.247249
0.247375
0.247333
0.247292
0.247251
0.247376
0.247335
0.24746
0.247586
0.247545
0.247503
0.247629
0.247587
0.247713
0.247671
0.247796
0.247922
0.248047
0.248005
0.247964
0.247923
0.248048
0.248007
0.247965
0.24809
0.248215
0.248174
0.248299
0.248258
0.248216
0.248175
0.248134
0.248259
0.248218
0.248176
0.248135
0.24826
0.248219
0.248178
0.248136
0.248095
0.248054
0.248013
0.247972
0.247931
0.24789
0.247849
0.247974
0.248098
0.248057
0.248016
0.24814
0.248099
0.248058
0.248182
0.248307
0.248266
0.248225
0.248184
0.248143
0.248267
0.248226
0.248185
0.248309
0.248268
0.248227
0.248186
0.24831
0.248434
0.248393
0.248352
0.248476
0.248435
0.248394
0.248353
0.248312
0.248436
0.248395
0.248354
0.248313
0.248437
0.248396
0.248355
0.248314
0.248438
0.248397
0.248356
0.248316
0.248439
0.248398
0.248522
0.248481
0.24844
0.248399
0.248359
0.248482
0.248441
0.2484
0.24836
0.248319
0.248442
0.248565
0.248525
0.248484
0.248443
0.248402
0.248362
0.248321
0.24828
0.24824
0.248199
0.248158
0.248282
0.248241
0.2482
0.24816
0.248283
0.248406
0.248365
0.248488
0.248447
0.248407
0.248366
0.248325
0.248285
0.248244
0.248204
0.248163
0.248123
0.248245
0.248205
0.248328
0.24845
0.24841
0.248369
0.248329
0.248288
0.248411
0.248533
0.248493
0.248452
0.248412
0.248371
0.248331
0.24829
0.24825
0.24821
0.248332
0.248292
0.248251
0.248373
0.248496
0.248618
0.24874
0.2487
0.248659
0.248619
0.248741
0.2487
0.24866
0.24862
0.248742
0.248701
0.248661
0.248621
0.248742
0.248702
0.248662
0.248784
0.248743
0.248703
0.248663
0.248622
0.248582
0.248542
0.248664
0.248623
0.248583
0.248543
0.248503
0.248624
0.248584
0.248544
0.248503
0.248463
0.248423
0.248383
0.248343
0.248303
0.248262
0.248222
0.248182
0.248142
0.248102
0.248224
0.248183
0.248143
0.248103
0.248225
0.248185
0.248306
0.248427
0.248548
0.24867
0.248791
0.248912
0.248872
0.248832
0.248953
0.248913
0.248872
0.248832
0.248953
0.248913
0.248873
0.248833
0.248793
0.248753
0.248713
0.248673
0.248633
0.248754
0.248714
0.248674
0.248634
0.248594
0.248554
0.248675
0.248795
0.248755
0.248715
0.248676
0.248636
0.248596
0.248556
0.248516
0.248476
0.248597
0.248717
0.248677
0.248798
0.248758
0.248718
0.248678
0.248638
0.248598
0.248719
0.248839
0.248799
0.248759
0.24872
0.24868
0.24864
0.24876
0.24888
0.248841
0.248801
0.248921
0.248881
0.248841
0.248802
0.248922
0.248882
0.248842
0.248802
0.248763
0.248723
0.248683
0.248643
0.248604
0.248724
0.248684
0.248804
0.248764
0.248724
0.248844
0.248805
0.248765
0.248725
0.248686
0.248646
0.248606
0.248726
0.248687
0.248647
0.248607
0.248568
0.248528
0.248489
0.248449
0.24841
0.24837
0.248331
0.248291
0.248252
0.248212
0.248332
0.248292
0.248412
0.248531
0.248492
0.248452
0.248413
0.248373
0.248493
0.248612
0.248731
0.248692
0.248811
0.24893
0.24889
0.248851
0.248811
0.248772
0.248733
0.248852
0.248812
0.248773
0.248733
0.248694
0.248813
0.248774
0.248734
0.248695
0.248655
0.248616
0.248577
0.248538
0.248656
0.248775
0.248894
0.249012
0.248973
0.248934
0.248895
0.248855
0.248816
0.248777
0.248737
0.248856
0.248974
0.249093
0.249054
0.249172
0.249133
0.249251
0.249212
0.24933
0.249448
0.249567
0.249527
0.249488
0.249449
0.24941
0.24937
0.249331
0.249292
0.249253
0.249213
0.249174
0.249135
0.249096
0.249057
0.249017
0.249135
0.249096
0.249057
0.249175
0.249136
0.249254
0.249372
0.249333
0.249294
0.249411
0.249529
0.24949
0.249451
0.249412
0.249373
0.24949
0.249451
0.249412
0.249373
0.249334
0.249295
0.249256
0.249373
0.249491
0.249452
0.249569
0.24953
0.249491
0.249452
0.24957
0.249687
0.249648
0.249609
0.24957
0.249687
0.249648
0.249609
0.24957
0.249531
0.249492
0.249609
0.249571
0.249532
0.249493
0.249454
0.249415
0.249376
0.249337
0.249454
0.249415
0.249376
0.249337
0.249454
0.249415
0.249377
0.249494
0.249455
0.249416
0.249533
0.249494
0.249455
0.249416
0.249377
0.249339
0.249455
0.249572
0.249533
0.249494
0.249611
0.249572
0.249534
0.249495
0.249456
0.249417
0.249378
0.24934
0.249301
0.249418
0.249379
0.24934
0.249301
0.249263
0.249224
0.249185
0.249147
0.249263
0.24938
0.249496
0.249457
0.249574
0.24969
0.249651
0.249768
0.249884
0.249845
0.249806
0.249768
0.249729
0.249845
0.249807
0.249923
0.250039
0.25
0.249961
0.249923
0.249884
0.249845
0.249807
0.249768
0.24973
0.249845
0.249807
0.249768
0.24973
0.249691
0.249653
0.249614
0.249576
0.249537
0.249499
0.249614
0.24973
0.249692
0.249653
0.249615
0.249576
0.249538
0.249499
0.249615
0.249576
0.249538
0.249499
0.249461
0.249577
0.249538
0.2495
0.249461
0.249577
0.249538
0.2495
0.249616
0.249577
0.249539
0.249654
0.249616
0.249731
0.249693
0.249654
0.249616
0.249578
0.249539
0.249501
0.249616
0.249578
0.249693
0.249655
0.249616
0.249732
0.249693
0.249655
0.249617
0.249578
0.249693
0.249655
0.249617
0.249579
0.24954
0.249655
0.24977
0.249885
0.249847
0.249962
0.249923
0.249885
0.25
0.249962
0.250076
0.250038
0.25
0.249962
0.250076
0.250038
0.25
0.249962
0.250076
0.250038
0.250153
0.250267
0.250229
0.250191
0.250153
0.250114
0.250076
0.250038
0.25
0.249962
0.249924
0.249886
0.25
0.249962
0.249924
0.249886
0.249848
0.24981
0.249772
0.249886
0.249848
0.249962
0.250076
0.250038
0.25
0.249962
0.249924
0.249886
0.249848
0.24981
0.249772
0.249734
0.249696
0.24981
0.249772
0.249734
0.249696
0.249658
0.24962
0.249583
0.249545
0.249659
0.249772
0.249734
0.249697
0.249659
0.249621
0.249583
0.249545
0.249659
0.249621
0.249735
0.249697
0.249811
0.249773
0.249735
0.249697
0.249659
0.249622
0.249584
0.249546
0.249508
0.24947
0.249433
0.249546
0.249509
0.249471
0.249433
0.249547
0.249509
0.249471
0.249433
0.249396
0.249358
0.24932
0.249283
0.249245
0.249208
0.24917
0.249132
0.249246
0.249359
0.249321
0.249434
0.249397
0.24951
0.249472
0.249435
0.249548
0.24951
0.249623
0.249586
0.249548
0.249661
0.249624
0.249737
0.249699
0.249661
0.249774
0.249737
0.249699
0.249662
0.249624
0.249587
0.249549
0.249511
0.249474
0.249437
0.249399
0.249362
0.249324
0.249287
0.249249
0.249212
0.249174
0.249137
0.2491
0.249062
0.249025
0.248988
0.24895
0.248913
0.248876
0.248838
0.248801
0.248764
0.248726
0.248689
0.248802
0.248914
0.248877
0.24884
0.248802
0.248765
0.248878
0.24884
0.248803
0.248766
0.248729
0.248691
0.248654
0.248767
0.248729
0.248692
0.248655
0.248767
0.24873
0.248842
0.248805
0.248768
0.24888
0.248992
0.248955
0.248918
0.248881
0.248844
0.248807
0.24877
0.248732
0.248695
0.248658
0.248621
0.248584
0.248547
0.24851
0.248473
0.248436
0.248399
0.248511
0.248474
0.248586
0.248549
0.248661
0.248773
0.248735
0.248698
0.24881
0.248922
0.249034
0.248997
0.24896
0.248923
0.248886
0.248849
0.248812
0.248775
0.248738
0.248849
0.248812
0.248775
0.248738
0.248702
0.248813
0.248776
0.248739
0.248702
0.248814
0.248777
0.248888
0.248851
0.248814
0.248778
0.248741
0.248704
0.248667
0.24863
0.248741
0.248705
0.248668
0.248779
0.248742
0.248853
0.248817
0.24878
0.248743
0.248706
0.248669
0.248633
0.248596
0.248559
0.248522
0.248486
0.248449
0.248412
0.248376
0.248339
0.248302
0.248266
0.248377
0.24834
0.248303
0.248267
0.24823
0.248193
0.248157
0.24812
0.248231
0.248195
0.248158
0.248121
0.248085
0.248048
0.248012
0.247975
0.248086
0.248049
0.248013
0.247976
0.24794
0.247903
0.247867
0.247831
0.247794
0.247758
0.247721
0.247685
0.247648
0.247612
0.247723
0.247686
0.24765
0.24776
0.247724
0.247688
0.247651
0.247615
0.247579
0.247542
0.247653
0.247616
0.24758
0.247544
0.247507
0.247618
0.247581
0.247692
0.247655
0.247619
0.247583
0.247547
0.24751
0.24762
0.247731
0.247841
0.247804
0.247768
0.247732
0.247696
0.247659
0.247623
0.247587
0.247551
0.247515
0.247478
0.247442
0.247406
0.24737
0.247334
0.247298
0.247408
0.247371
0.247481
0.247445
0.247409
0.247519
0.247629
0.247593
0.247557
0.247666
0.24763
0.24774
0.247704
0.247813
0.247923
0.248033
0.247997
0.248106
0.24807
0.248034
0.247998
0.247962
0.247925
0.248035
0.247999
0.247963
0.248072
0.248036
0.248
0.247964
0.247928
0.248037
0.248147
0.248256
0.24822
0.248184
0.248148
0.248112
0.248221
0.248185
0.248149
0.248113
0.248222
0.248186
0.24815
0.248114
0.248078
0.248042
0.248006
0.24797
0.248079
0.248043
0.248007
0.247971
0.247935
0.247899
0.247863
0.247827
0.247791
0.247756
0.24772
0.247829
0.247937
0.247902
0.247866
0.24783
0.247794
0.247758
0.247722
0.247687
0.247651
0.247615
0.247579
0.247543
0.247652
0.247616
0.247581
0.247545
0.247509
0.247473
0.247438
0.247546
0.24751
0.247475
0.247439
0.247403
0.247368
0.247332
0.247296
0.247261
0.247225
0.247189
0.247154
0.247118
0.247083
0.247047
0.247011
0.246976
0.24694
0.246905
0.247013
0.246978
0.246942
0.246906
0.246871
0.246835
0.2468
0.246764
0.246729
0.246694
0.246802
0.24691
0.246875
0.246839
0.246804
0.246912
0.24702
0.246984
0.246949
0.247057
0.247022
0.246986
0.246951
0.246915
0.247023
0.247131
0.247096
0.247061
0.247025
0.24699
0.246954
0.246919
0.246884
0.246848
0.246813
0.246921
0.246885
0.24685
0.246815
0.246922
0.246887
0.246852
0.24696
0.246924
0.246889
0.246854
0.246818
0.246783
0.246748
0.246855
0.24682
0.246928
0.247035
0.247143
0.24725
0.247215
0.24718
0.247144
0.247252
0.247359
0.247324
0.247289
0.247396
0.247361
0.247326
0.247433
0.247398
0.247362
0.247327
0.247292
0.247257
0.247221
0.247329
0.247293
0.247258
0.247365
0.24733
0.247295
0.24726
0.247225
0.247189
0.247154
0.247261
0.247226
0.247333
0.24744
0.247405
0.247512
0.247477
0.247442
0.247549
0.247656
0.247762
0.247727
0.247692
0.247799
0.247764
0.247871
0.247835
0.2478
0.247907
0.248014
0.247978
0.247943
0.247908
0.247873
0.247838
0.247803
0.247768
0.247732
0.247697
0.247662
0.247627
0.247592
0.247699
0.247664
0.247628
0.247593
0.247558
0.247523
0.247488
0.247453
0.247418
0.247383
0.247348
0.247455
0.24742
0.247385
0.24735
0.247456
0.247421
0.247386
0.247351
0.247316
0.247423
0.247388
0.247494
0.247459
0.247565
0.247671
0.247637
0.247602
0.247567
0.247532
0.247497
0.247462
0.247568
0.247533
0.247498
0.247604
0.247569
0.247535
0.2475
0.247465
0.247571
0.247536
0.247642
0.247607
0.247713
0.247678
0.247643
0.247608
0.247714
0.247679
0.247644
0.24761
0.247575
0.24754
0.247505
0.24747
0.247436
0.247401
0.247366
0.247331
0.247297
0.247262
0.247368
0.247473
0.247439
0.247544
0.247509
0.247475
0.24744
0.247405
0.247511
0.247616
0.247582
0.247547
0.247652
0.247758
0.247723
0.247688
0.247654
0.247619
0.247724
0.24783
0.247795
0.24776
0.247726
0.247831
0.247796
0.247762
0.247867
0.247832
0.247798
0.247763
0.247728
0.247694
0.247659
0.247624
0.247729
0.247695
0.24766
0.247765
0.247731
0.247836
0.247801
0.247906
0.248011
0.247977
0.247942
0.248047
0.248012
0.247978
0.247943
0.247909
0.248013
0.248118
0.248084
0.248188
0.248154
0.248119
0.248085
0.248189
0.248155
0.24812
0.248225
0.24819
0.248156
0.248121
0.248226
0.248331
0.248296
0.248261
0.248227
0.248331
0.248297
0.248262
0.248228
0.248332
0.248298
0.248263
0.248229
0.248194
0.24816
0.248126
0.24823
0.248195
0.2483
0.248265
0.248231
0.248196
0.248162
0.248128
0.248232
0.248336
0.24844
0.248406
0.248371
0.248337
0.248303
0.248268
0.248234
0.248199
0.248165
0.248131
0.248235
0.2482
0.248166
0.24827
0.248236
0.248201
0.248305
0.248271
0.248375
0.248341
0.248445
0.24841
0.248376
0.248342
0.248307
0.248411
0.248377
0.248343
0.248308
0.248274
0.24824
0.248205
0.248309
0.248275
0.248241
0.248206
0.248172
0.248138
0.248104
0.248069
0.248035
0.248001
0.247967
0.248071
0.248174
0.248278
0.248244
0.248209
0.248313
0.248279
0.248245
0.248348
0.248314
0.24828
0.248245
0.248211
0.248177
0.248143
0.248109
0.248212
0.248178
0.248144
0.24811
0.248076
0.248042
0.248145
0.248248
0.248214
0.24818
0.248146
0.248112
0.248078
0.248044
0.248147
0.248113
0.248079
0.248182
0.248148
0.248114
0.24808
0.248046
0.248012
0.247978
0.247944
0.24791
0.248013
0.248116
0.248082
0.248048
0.248151
0.248117
0.248083
0.248049
0.248152
0.248118
0.248084
0.24805
0.248016
0.247982
0.247949
0.248051
0.248154
0.248257
0.248223
0.248326
0.248292
0.248258
0.248224
0.24819
0.248156
0.248122
0.248088
0.248055
0.248021
0.247987
0.24809
0.248056
0.248022
0.247988
0.247954
0.248057
0.248023
0.247989
0.247955
0.248058
0.248024
0.24799
0.247956
0.247923
0.248025
0.247991
0.247958
0.247924
0.248026
0.247992
0.247959
0.248061
0.248163
0.248266
0.248368
0.24847
0.248436
0.248402
0.248369
0.248335
0.248301
0.248267
0.248234
0.2482
0.248166
0.248133
0.248099
0.248201
0.248167
0.248134
0.2481
0.248066
0.248033
0.248135
0.248237
0.248203
0.248169
0.248136
0.248102
0.248068
0.248035
0.248001
0.248103
0.248069
0.248036
0.248138
0.248239
0.248206
0.248172
0.248274
0.248376
0.248342
0.248309
0.248275
0.248241
0.248343
0.248445
0.248411
0.248378
0.248344
0.248446
0.248412
0.248378
0.248345
0.248311
0.248413
0.248379
0.248346
0.248312
0.248279
0.24838
0.248347
0.248313
0.248415
0.248516
0.248482
0.248449
0.248415
0.248382
0.248483
0.24845
0.248416
0.248383
0.248349
0.248451
0.248417
0.248384
0.24835
0.248451
0.248418
0.248384
0.248351
0.248318
0.248284
0.248251
0.248217
0.248184
0.248151
0.248117
0.248084
0.248051
0.248017
0.247984
0.247951
0.247917
0.247884
0.247985
0.247952
0.247918
0.248019
0.247986
0.248087
0.248054
0.24802
0.247987
0.247954
0.247921
0.248021
0.247988
0.248089
0.24819
0.248291
0.248391
0.248358
0.248325
0.248292
0.248392
0.248359
0.248326
0.248426
0.248393
0.248494
0.248461
0.248561
0.248528
0.248495
0.248461
0.248428
0.248395
0.248362
0.248328
0.248295
0.248262
0.248229
0.248196
0.248163
0.248263
0.24823
0.24833
0.248431
0.248397
0.248364
0.248465
0.248431
0.248398
0.248365
0.248332
0.248299
0.248399
0.248366
0.248466
0.248433
0.2484
0.248367
0.248334
0.248434
0.248401
0.248368
0.248335
0.248302
0.248402
0.248369
0.248336
0.248302
0.248269
0.248236
0.248203
0.24817
0.248137
0.248237
0.248204
0.248304
0.248271
0.248238
0.248205
0.248172
0.248139
0.248239
0.248206
0.248173
0.24814
0.248107
0.248207
0.248174
0.248141
0.248108
0.248075
0.248042
0.248142
0.248109
0.248076
0.248044
0.248143
0.24811
0.248077
0.248045
0.248012
0.247979
0.248078
0.248046
0.248145
0.248112
0.248079
0.248047
0.248014
0.247981
0.247948
0.248048
0.248015
0.247982
0.248082
0.248049
0.248016
0.247983
0.24795
0.247917
0.247885
0.247852
0.247951
0.248051
0.248018
0.248117
0.248085
0.248052
0.248019
0.247986
0.247954
0.248053
0.248152
0.248119
0.248087
0.248054
0.248153
0.24812
0.248088
0.248055
0.248022
0.247989
0.247957
0.247924
0.248023
0.247991
0.24809
0.248057
0.248024
0.248123
0.248091
0.248058
0.248157
0.248124
0.248223
0.248191
0.248158
0.248125
0.248093
0.24806
0.248027
0.247995
0.247962
0.24793
0.247897
0.247864
0.247963
0.247931
0.247898
0.247865
0.247964
0.247932
0.247899
0.247867
0.247834
0.247802
0.2479
0.247868
0.247835
0.247803
0.24777
0.247738
0.247705
0.247673
0.24764
0.247608
0.247575
0.247674
0.247642
0.247609
0.247577
0.247675
0.247643
0.24761
0.247578
0.247676
0.247644
0.247742
0.24771
0.247678
0.247645
0.247744
0.247711
0.247679
0.247646
0.247614
0.247582
0.247549
0.247517
0.247485
0.247452
0.24742
0.247388
0.247355
0.247323
0.247291
0.247258
0.247226
0.247324
0.247292
0.24739
0.247358
0.247326
0.247294
0.247392
0.247359
0.247458
0.247425
0.247393
0.247361
0.247329
0.247427
0.247525
0.247493
0.24746
0.247428
0.247396
0.247364
0.247331
0.247429
0.247397
0.247365
0.247463
0.247561
0.247529
0.247496
0.247464
0.247562
0.24753
0.247498
0.247466
0.247433
0.247401
0.247369
0.247467
0.247435
0.247532
0.2475
0.247468
0.247436
0.247404
0.247372
0.24734
0.247308
0.247276
0.247243
0.247211
0.247179
0.247147
0.247115
0.247083
0.247051
0.247019
0.246987
0.246955
0.246923
0.247021
0.246989
0.246957
0.246925
0.246893
0.24699
0.246958
0.246926
0.246894
0.246862
0.24696
0.246928
0.246896
0.246864
0.246832
0.2468
0.246898
0.246866
0.246834
0.246802
0.24677
0.246867
0.246835
0.246804
0.246901
0.246869
0.246966
0.246934
0.246902
0.246871
0.246839
0.246807
0.246904
0.246872
0.246969
0.246937
0.246906
0.246874
0.246971
0.247068
0.247165
0.247133
0.247101
0.247069
0.247038
0.247006
0.246974
0.246942
0.24691
0.246879
0.246847
0.246815
0.246783
0.246752
0.24672
0.246688
0.246785
0.246753
0.246722
0.24669
0.246658
0.246755
0.246852
0.24682
0.246917
0.246885
0.246853
0.24695
0.246918
0.246887
0.246983
0.24708
0.247048
0.247017
0.246985
0.247081
0.24705
0.247018
0.246986
0.246955
0.247051
0.247148
0.247116
0.247084
0.247053
0.247021
0.247118
0.247086
0.247054
0.247151
0.247247
0.247215
0.247312
0.24728
0.247249
0.247217
0.247313
0.247282
0.24725
0.247218
0.247187
0.247155
0.247123
0.24722
0.247188
0.247157
0.247253
0.247349
0.247445
0.247413
0.247382
0.247478
0.247446
0.247415
0.247383
0.247352
0.24732
0.247289
0.247385
0.247481
0.247449
0.247545
0.247513
0.247482
0.24745
0.247419
0.247387
0.247483
0.247452
0.247547
0.247516
0.247484
0.247453
0.247421
0.24739
0.247486
0.247454
0.24755
0.247518
0.247487
0.247583
0.247551
0.24752
0.247488
0.247457
0.247425
0.247394
0.247362
0.247331
0.2473
0.247268
0.247237
0.247205
0.247174
0.247142
0.247238
0.247207
0.247175
0.247144
0.247113
0.247081
0.247177
0.247145
0.247114
0.24721
0.247178
0.247274
0.247242
0.247211
0.24718
0.247148
0.247117
0.247086
0.247054
0.247023
0.247118
0.247087
0.247182
0.247151
0.24712
0.247089
0.247057
0.247026
0.246995
0.24709
0.247059
0.247028
0.246996
0.246965
0.246934
0.246903
0.246998
0.246967
0.246935
0.246904
0.246873
0.246968
0.246937
0.246906
0.246875
0.246843
0.246939
0.246907
0.246876
0.246845
0.246814
0.246783
0.246752
0.246847
0.246815
0.246784
0.246879
0.246974
0.246943
0.246912
0.247007
0.246976
0.246945
0.246914
0.246882
0.246851
0.24682
0.246789
0.246758
0.246727
0.246696
0.246665
0.246634
0.246603
0.246572
0.246541
0.24651
0.246605
0.246699
0.246794
0.246763
0.246732
0.246701
0.24667
0.246639
0.246734
0.246703
0.246672
0.246641
0.24661
0.246579
0.246548
0.246642
0.246611
0.24658
0.24655
0.246519
0.246488
0.246457
0.246426
0.24652
0.246489
0.246459
0.246428
0.246522
0.246491
0.246586
0.246555
0.246649
0.246618
0.246713
0.246682
0.246651
0.246745
0.246714
0.246683
0.246778
0.246747
0.246716
0.246685
0.246654
0.246623
0.246592
0.246687
0.246656
0.246625
0.246719
0.246688
0.246658
0.246752
0.246721
0.24669
0.246659
0.246753
0.246722
0.246692
0.246661
0.24663
0.246599
0.246569
0.246538
0.246507
0.246476
0.24657
0.246664
0.246758
0.246727
0.246697
0.246666
0.246635
0.246604
0.246574
0.246667
0.246761
0.246855
0.246824
0.246794
0.246763
0.246732
0.246702
0.246671
0.24664
0.246609
0.246579
0.246548
0.246517
0.246487
0.246456
0.24655
0.246643
0.246737
0.246706
0.246676
0.246645
0.246614
0.246584
0.246553
0.246523
0.246492
0.246461
0.246431
0.2464
0.24637
0.246339
0.246308
0.246278
0.246371
0.246341
0.24631
0.24628
0.246249
0.246343
0.246312
0.246282
0.246251
0.246221
0.24619
0.24616
0.246129
0.246099
0.246068
0.246038
0.246007
0.245977
0.245946
0.245916
0.245885
0.245855
0.245825
0.245794
0.245764
0.245857
0.245827
0.245796
0.245766
0.245735
0.245829
0.245798
0.245768
0.245861
0.245954
0.245924
0.246017
0.245987
0.24608
0.246173
0.246266
0.246359
0.246452
0.246422
0.246514
0.246484
0.246454
0.246423
0.246516
0.246486
0.246455
0.246548
0.246518
0.246488
0.24658
0.24655
0.24652
0.246612
0.246582
0.246552
0.246521
0.246491
0.246461
0.24643
0.2464
0.24637
0.246462
0.246555
0.246648
0.246617
0.246587
0.246557
0.246649
0.246619
0.246712
0.246681
0.246774
0.246744
0.246836
0.246806
0.246776
0.246745
0.246838
0.246807
0.2469
0.246992
0.246962
0.246932
0.246901
0.246871
0.246841
0.246811
0.24678
0.24675
0.246842
0.246812
0.246904
0.246874
0.246967
0.246936
0.247029
0.247121
0.247213
0.247183
0.247275
0.247245
0.247214
0.247184
0.247154
0.247124
0.247093
0.247063
0.247033
0.247003
0.247095
0.247187
0.247157
0.247249
0.247218
0.247311
0.24728
0.247372
0.247342
0.247312
0.247282
0.247251
0.247343
0.247313
0.247283
0.247253
0.247223
0.247192
0.247284
0.247376
0.247468
0.24756
0.24753
0.247499
0.247469
0.247561
0.247531
0.247501
0.24747
0.24744
0.247532
0.247502
0.247594
0.247685
0.247777
0.247747
0.247716
0.247686
0.247656
0.247626
0.247596
0.247687
0.247657
0.247627
0.247597
0.247567
0.247537
0.247507
0.247477
0.247446
0.247416
0.247508
0.247478
0.247448
0.247418
0.247388
0.247479
0.24757
0.24754
0.24751
0.247602
0.247572
0.247663
0.247633
0.247603
0.247573
0.247543
0.247634
0.247725
0.247817
0.247787
0.247756
0.247726
0.247696
0.247788
0.247758
0.247728
0.247698
0.247668
0.247638
0.247608
0.247578
0.247669
0.247639
0.247609
0.247579
0.247549
0.247519
0.247489
0.24758
0.24755
0.24752
0.24749
0.247581
0.247551
0.247642
0.247733
0.247703
0.247673
0.247764
0.247855
0.247825
0.247795
0.247765
0.247735
0.247826
0.247796
0.247766
0.247736
0.247706
0.247677
0.247647
0.247617
0.247587
0.247678
0.247648
0.247739
0.247709
0.247679
0.247769
0.24774
0.24771
0.2478
0.247771
0.247861
0.247831
0.247801
0.247772
0.247742
0.247712
0.247682
0.247652
0.247622
0.247713
0.247683
0.247774
0.247744
0.247714
0.247684
0.247655
0.247745
0.247715
0.247806
0.247896
0.247866
0.247837
0.247807
0.247777
0.247867
0.247838
0.247808
0.247778
0.247748
0.247719
0.247689
0.247779
0.247749
0.24772
0.24769
0.24766
0.24763
0.247601
0.247691
0.247781
0.247752
0.247842
0.247932
0.247902
0.247872
0.247843
0.247933
0.247903
0.247993
0.247964
0.247934
0.247904
0.247875
0.247845
0.247815
0.247905
0.247876
0.247846
0.247816
0.247787
0.247757
0.247727
0.247698
0.247668
0.247758
0.247728
0.247818
0.247789
0.247759
0.247849
0.247819
0.247909
0.24788
0.24785
0.24782
0.24791
0.247881
0.247851
0.247941
0.248031
0.248001
0.248091
0.248061
0.248031
0.248002
0.248092
0.248181
0.248271
0.248241
0.248212
0.248182
0.248272
0.248242
0.248213
0.248183
0.248153
0.248124
0.248094
0.248065
0.248035
0.248006
0.247976
0.247947
0.247917
0.247888
0.247858
0.247829
0.247799
0.24777
0.24774
0.24783
0.247919
0.24789
0.24786
0.247831
0.247801
0.247772
0.247742
0.247713
0.247802
0.247773
0.247862
0.247833
0.247803
0.247893
0.247863
0.247834
0.247804
0.247775
0.247864
0.247835
0.247924
0.247895
0.247984
0.247954
0.248044
0.248014
0.247985
0.247955
0.248045
0.248015
0.247986
0.247956
0.247927
0.247898
0.247868
0.247839
0.24781
0.24778
0.247751
0.247722
0.247811
0.2479
0.247989
0.247959
0.24793
0.247901
0.24799
0.24796
0.248049
0.24802
0.248109
0.248079
0.24805
0.248021
0.247991
0.24808
0.248051
0.248022
0.248111
0.248081
0.24817
0.248141
0.248229
0.2482
0.248171
0.24826
0.24823
0.248201
0.24829
0.24826
0.248231
0.24832
0.24829
0.248379
0.248468
0.248438
0.248409
0.248498
0.248468
0.248557
0.248528
0.248616
0.248705
0.248675
0.248646
0.248617
0.248588
0.248676
0.248764
0.248735
0.248706
0.248677
0.248647
0.248736
0.248706
0.248677
0.248648
0.248736
0.248825
0.248795
0.248766
0.248737
0.248825
0.248913
0.248884
0.248972
0.249061
0.249031
0.249002
0.248973
0.249061
0.249032
0.249003
0.248973
0.248944
0.248915
0.249003
0.249091
0.249062
0.24915
0.249121
0.249209
0.249297
0.249268
0.249356
0.249326
0.249297
0.249385
0.249356
0.249327
0.249297
0.249268
0.249239
0.24921
0.249181
0.249152
0.249122
0.24921
0.249181
0.249152
0.249123
0.249094
0.249065
0.249035
0.249123
0.249094
0.249065
0.249036
0.249007
0.248978
0.248949
0.24892
0.24889
0.248861
0.248832
0.248803
0.248774
0.248745
0.248716
0.248804
0.248775
0.248746
0.248717
0.248688
0.248659
0.248746
0.248717
0.248688
0.248659
0.24863
0.248601
0.248572
0.24866
0.248748
0.248835
0.248806
0.248777
0.248865
0.248952
0.248923
0.248894
0.248981
0.248953
0.248924
0.249011
0.248982
0.248953
0.248924
0.248895
0.248866
0.248837
0.248808
0.248779
0.24875
0.248722
0.248693
0.248664
0.248635
0.248606
0.248577
0.248548
0.248635
0.248607
0.248578
0.248665
0.248636
0.248607
0.248578
0.248666
0.248637
0.248608
0.248579
0.248666
0.248637
0.248609
0.24858
0.248551
0.248638
0.248609
0.248696
0.248667
0.248639
0.24861
0.248581
0.248552
0.248523
0.24861
0.248582
0.248669
0.24864
0.248611
0.248582
0.248554
0.248641
0.248612
0.248583
0.24867
0.248641
0.248612
0.248584
0.248555
0.248526
0.248497
0.248469
0.248556
0.248527
0.248614
0.248585
0.248556
0.248643
0.248614
0.248586
0.248557
0.248528
0.248615
0.248702
0.248788
0.24876
0.248731
0.248702
0.248674
0.248645
0.248732
0.248703
0.248789
0.248761
0.248732
0.248703
0.248675
0.248646
0.248618
0.248589
0.24856
0.248647
0.248618
0.24859
0.248676
0.248763
0.248734
0.248705
0.248677
0.248763
0.248734
0.248706
0.248792
0.248764
0.248735
0.248706
0.248678
0.248649
0.248621
0.248592
0.248564
0.248535
0.248506
0.248478
0.248449
0.248536
0.248507
0.248479
0.248565
0.248536
0.248623
0.248594
0.248566
0.248537
0.248623
0.248709
0.248681
0.248767
0.248739
0.24871
0.248681
0.248653
0.248624
0.248596
0.248567
0.248539
0.248625
0.248597
0.248568
0.248654
0.248626
0.248597
0.248569
0.24854
0.248626
0.248598
0.248569
0.248541
0.248513
0.248599
0.24857
0.248542
0.248628
0.248599
0.248685
0.248771
0.248743
0.248714
0.248686
0.248657
0.248629
0.2486
0.248686
0.248658
0.248744
0.248715
0.248801
0.248773
0.248744
0.248716
0.248802
0.248773
0.248745
0.248831
0.248802
0.248774
0.248859
0.248831
0.248803
0.248774
0.24886
0.248946
0.248917
0.249003
0.248974
0.248946
0.248918
0.248889
0.248861
0.248833
0.248804
0.248776
0.248748
0.248719
0.248805
0.24889
0.248862
0.248834
0.248805
0.248777
0.248749
0.248721
0.248692
0.248778
0.248863
0.248835
0.248807
0.248778
0.248864
0.248949
0.248921
0.248892
0.248864
0.248836
0.248808
0.248779
0.248751
0.248723
0.248695
0.248666
0.248638
0.248723
0.248695
0.248667
0.248752
0.248837
0.248923
0.249008
0.24898
0.248951
0.248923
0.248895
0.24898
0.248952
0.248924
0.248895
0.248867
0.248839
0.248811
0.248783
0.248755
0.24884
0.248811
0.248896
0.248868
0.248953
0.249038
0.24901
0.248982
0.248954
0.249039
0.249011
0.249095
0.249067
0.249039
0.249011
0.248983
0.248955
0.248927
0.248898
0.24887
0.248955
0.24904
0.249012
0.248984
0.248956
0.24904
0.249125
0.249097
0.249182
0.249267
0.249351
0.249323
0.249408
0.24938
0.249352
0.249323
0.249295
0.24938
0.249352
0.249324
0.249296
0.249268
0.249239
0.249211
0.249183
0.249155
0.249127
0.249212
0.249184
0.249156
0.249128
0.2491
0.249071
0.249156
0.249128
0.2491
0.249072
0.249044
0.249016
0.248988
0.24896
0.248932
0.248904
0.248876
0.248848
0.24882
0.248792
0.248876
0.248961
0.248933
0.248905
0.248877
0.248849
0.248933
0.248905
0.24899
0.249074
0.249046
0.249018
0.24899
0.248962
0.248934
0.248906
0.248991
0.248963
0.248935
0.249019
0.248991
0.248963
0.249047
0.249131
0.249104
0.249076
0.24916
0.249132
0.249104
0.249076
0.24916
0.249132
0.249104
0.249076
0.249049
0.249133
0.249105
0.249077
0.249161
0.249133
0.249105
0.249189
0.249161
0.249133
0.249217
0.249301
0.249273
0.249246
0.249329
0.249302
0.249274
0.249246
0.249218
0.24919
0.249274
0.249246
0.24933
0.249302
0.249274
0.249358
0.24933
0.249303
0.249386
0.249358
0.249331
0.249303
0.249275
0.249247
0.249219
0.249303
0.249275
0.249359
0.249331
0.249303
0.249276
0.249359
0.249332
0.249304
0.249276
0.249248
0.24922
0.249304
0.249276
0.24936
0.249332
0.249304
0.249277
0.249249
0.249221
0.249193
0.249277
0.249249
0.249222
0.249194
0.249277
0.24925
0.249222
0.249305
0.249278
0.24925
0.249222
0.249306
0.249278
0.24925
0.249223
0.249195
0.249167
0.24914
0.249223
0.249195
0.249168
0.24914
0.249112
0.249085
0.249057
0.249029
0.249002
0.248974
0.248947
0.248919
0.248891
0.248864
0.248836
0.248919
0.248892
0.248864
0.248837
0.24892
0.248892
0.248976
0.248948
0.24892
0.248893
0.248865
0.248838
0.24881
0.248783
0.248755
0.248728
0.2487
0.248783
0.248756
0.248728
0.248701
0.248673
0.248646
0.248618
0.248591
0.248674
0.248646
0.248619
0.248591
0.248564
0.248536
0.248619
0.248592
0.248675
0.248647
0.24862
0.248593
0.248565
0.248538
0.24851
0.248483
0.248566
0.248538
0.248511
0.248484
0.248456
0.248429
0.248401
0.248374
0.248457
0.24854
0.248512
0.248485
0.248457
0.24843
0.248403
0.248486
0.248458
0.248431
0.248403
0.248486
0.248459
0.248431
0.248404
0.248377
0.248349
0.248322
0.248295
0.248268
0.24835
0.248433
0.248516
0.248598
0.248681
0.248653
0.248626
0.248599
0.248571
0.248544
0.248517
0.248599
0.248572
0.248545
0.248517
0.2486
0.248682
0.248655
0.248628
0.248601
0.248573
0.248546
0.248519
0.248491
0.248464
0.248437
0.24841
0.248382
0.248355
0.248328
0.248301
0.248274
0.248246
0.248219
0.248302
0.248274
0.248247
0.24822
0.248193
0.248166
0.248138
0.248111
0.248084
0.248057
0.248139
0.248112
0.248085
0.248058
0.248031
0.248004
0.247976
0.248059
0.248141
0.248114
0.248087
0.248059
0.248142
0.248115
0.248197
0.248279
0.248252
0.248225
0.248198
0.24817
0.248143
0.248116
0.248089
0.248062
0.248035
0.248117
0.24809
0.248172
0.248145
0.248118
0.248091
0.248064
0.248037
0.24801
0.247983
0.248065
0.248038
0.24801
0.247983
0.247956
0.247929
0.247902
0.247875
0.247848
0.247821
0.247794
0.247876
0.247849
0.247822
0.247795
0.247768
0.24785
0.247823
0.247905
0.247987
0.24796
0.248042
0.248015
0.247988
0.247961
0.247934
0.247907
0.247989
0.247962
0.247935
0.247908
0.247881
0.247854
0.247827
0.2478
0.247773
0.247746
0.247719
0.247692
0.247774
0.247747
0.24772
0.247693
0.247667
0.247748
0.247721
0.247803
0.247776
0.247749
0.247722
0.247695
0.247777
0.24775
0.247832
0.247913
0.247886
0.24786
0.247833
0.247914
0.247887
0.24786
0.247834
0.247915
0.247997
0.248078
0.248051
0.248024
0.247997
0.247971
0.247944
0.247917
0.24789
0.247863
0.247836
0.247918
0.247891
0.247864
0.247946
0.247919
0.248
0.247973
0.247946
0.24792
0.247893
0.247974
0.248055
0.248029
0.248002
0.247975
0.248056
0.248029
0.248111
0.248084
0.248057
0.24803
0.248111
0.248193
0.248166
0.248247
0.24822
0.248193
0.248167
0.24814
0.248113
0.248194
0.248167
0.248141
0.248114
0.248087
0.24806
0.248034
0.248007
0.248088
0.248061
0.248034
0.248115
0.248196
0.24817
0.248143
0.248116
0.24809
0.248063
0.248144
0.248117
0.24809
0.248064
0.248037
0.248118
0.248091
0.248065
0.248038
0.248011
0.248092
0.248065
0.248039
0.248012
0.247985
0.248066
0.24804
0.248013
0.248094
0.248067
0.24804
0.248121
0.248094
0.248175
0.248149
0.248122
0.248095
0.248069
0.248149
0.248123
0.248096
0.248069
0.248043
0.248124
0.248097
0.248178
0.248151
0.248124
0.248098
0.248071
0.248045
0.248018
0.247991
0.247965
0.247938
0.247912
0.247885
0.247859
0.247832
0.247806
0.247779
0.247753
0.247726
0.2477
0.247673
0.247754
0.247727
0.247807
0.247781
0.247754
0.247728
0.247702
0.247675
0.247649
0.247622
0.247596
0.247569
0.247543
0.247516
0.24749
0.247463
0.247544
0.247517
0.247491
0.247465
0.247438
0.247412
0.247492
0.247466
0.247439
0.247413
0.247386
0.24736
0.24744
0.247521
0.247601
0.247574
0.247655
0.247628
0.247708
0.247682
0.247656
0.247629
0.247603
0.247576
0.247657
0.24763
0.24771
0.24779
0.247764
0.247738
0.247711
0.247685
0.247765
0.247739
0.247712
0.247686
0.24766
0.247633
0.247713
0.247687
0.247767
0.247741
0.247714
0.247688
0.247662
0.247742
0.247715
0.247689
0.247769
0.247849
0.247822
0.247796
0.247876
0.24785
0.247929
0.247903
0.247983
0.247957
0.248037
0.24801
0.247984
0.247958
0.247931
0.247905
0.247879
0.247852
0.247826
0.2478
0.247774
0.247853
0.247827
0.247907
0.24788
0.24796
0.247934
0.247908
0.247881
0.247855
0.247829
0.247803
0.247776
0.24775
0.24783
0.247804
0.247883
0.247857
0.247831
0.247804
0.247778
0.247752
0.247726
0.2477
0.247779
0.247753
0.247833
0.247912
0.247886
0.24786
0.247939
0.248019
0.247992
0.247966
0.24794
0.247914
0.247888
0.247861
0.247835
0.247809
0.247783
0.247862
0.247942
0.247916
0.247889
0.247863
0.247837
0.247916
0.24789
0.247864
0.247838
0.247812
0.247786
0.247865
0.247839
0.247813
0.247787
0.247761
0.247734
0.247708
0.247682
0.247762
0.247841
0.24792
0.247894
0.247868
0.247842
0.247816
0.247895
0.247869
0.247843
0.247816
0.24779
0.24787
0.247843
0.247923
0.247897
0.247976
0.24795
0.247923
0.248003
0.247976
0.24795
0.248029
0.248108
0.248187
0.248161
0.248135
0.248109
0.248188
0.248162
0.248136
0.248215
0.248294
0.248268
0.248242
0.248321
0.248295
0.248269
0.248243
0.248217
0.24819
0.248164
0.248138
0.248112
0.248086
0.24806
0.248034
0.248008
0.247982
0.248061
0.248035
0.248009
0.247983
0.247957
0.247931
0.247905
0.247879
0.247853
0.247932
0.247906
0.24788
0.247854
0.247828
0.247802
0.247776
0.247751
0.247725
0.247699
0.247673
0.247647
0.247621
0.247595
0.247569
0.247543
0.247518
0.247492
0.24757
0.247544
0.247623
0.247597
0.247571
0.247545
0.247624
0.247598
0.247572
0.247546
0.247521
0.247495
0.247469
0.247443
0.247522
0.247496
0.24747
0.247549
0.247627
0.247601
0.24768
0.247758
0.247732
0.247706
0.247681
0.247759
0.247733
0.247707
0.247682
0.247656
0.24763
0.247604
0.247683
0.247657
0.247631
0.247605
0.247579
0.247658
0.247736
0.24771
0.247684
0.247659
0.247633
0.247607
0.247685
0.247764
0.247738
0.247712
0.247686
0.247661
0.247635
0.247713
0.247687
0.247662
0.247636
0.24761
0.247688
0.247766
0.247741
0.247819
0.247793
0.247767
0.247742
0.24782
0.247898
0.247872
0.247846
0.247821
0.247795
0.247769
0.247744
0.247718
0.247692
0.24777
0.247744
0.247719
0.247693
0.247667
0.247642
0.24772
0.247694
0.247668
0.247643
0.247721
0.247695
0.247773
0.247851
0.247825
0.247903
0.247981
0.247955
0.24793
0.247904
0.247878
0.247853
0.247827
0.247801
0.247776
0.247854
0.247931
0.248009
0.248087
0.248061
0.248036
0.24801
0.247984
0.247959
0.247933
0.247907
0.247882
0.247856
0.247831
0.247805
0.247779
0.247857
0.247935
0.247909
0.247884
0.247858
0.247832
0.24791
0.247988
0.247962
0.247936
0.247911
0.247885
0.24786
0.247937
0.247912
0.247886
0.247861
0.247938
0.248016
0.24799
0.247965
0.247939
0.247913
0.247888
0.247862
0.247837
0.247811
0.247786
0.24776
0.247735
0.247709
0.247787
0.247864
0.247839
0.247813
0.247891
0.247968
0.247942
0.247917
0.247891
0.247969
0.247943
0.248021
0.247995
0.24797
0.247944
0.247919
0.247893
0.24797
0.247945
0.247919
0.247894
0.247869
0.247843
0.247818
0.247792
0.247767
0.247741
0.247716
0.24769
0.247665
0.24764
0.247717
0.247691
0.247769
0.247743
0.247718
0.247692
0.247769
0.247744
0.247719
0.247693
0.247668
0.247745
0.247822
0.247797
0.247874
0.247951
0.248028
0.248002
0.247977
0.248054
0.248029
0.248003
0.247978
0.247952
0.247927
0.247902
0.247979
0.247953
0.247928
0.247903
0.247877
0.247852
0.247827
0.247801
0.247878
0.247853
0.247827
0.247802
0.247777
0.247854
0.247828
0.247905
0.24788
0.247957
0.247931
0.248008
0.247983
0.24806
0.248034
0.248009
0.248086
0.24806
0.248035
0.24801
0.247984
0.248061
0.248036
0.248011
0.247985
0.248062
0.248037
0.248113
0.248088
0.248063
0.248139
0.248114
0.248089
0.248064
0.248038
0.248013
0.247988
0.247963
0.248039
0.248014
0.24809
0.248065
0.24804
0.248116
0.248193
0.248168
0.248244
0.248219
0.248194
0.248168
0.248143
0.248118
0.248093
0.248068
0.248144
0.248119
0.248195
0.24817
0.248145
0.248221
0.248196
0.248272
0.248247
0.248222
0.248298
0.248375
0.248451
0.248426
0.248502
0.248477
0.248452
0.248426
0.248503
0.248579
0.248554
0.248529
0.248503
0.248478
0.248453
0.248428
0.248504
0.248479
0.248555
0.24853
0.248505
0.248581
0.248555
0.248632
0.248708
0.248784
0.248759
0.248734
0.248708
0.248683
0.248658
0.248633
0.248709
0.248684
0.24876
0.248735
0.248709
0.248684
0.248659
0.248735
0.248811
0.248786
0.248761
0.248736
0.24871
0.248685
0.24866
0.248635
0.24861
0.248686
0.248661
0.248636
0.24861
0.248686
0.248762
0.248737
0.248813
0.248889
0.248864
0.248839
0.248914
0.248889
0.248864
0.248839
0.248814
0.248789
0.248764
0.24884
0.248814
0.248789
0.248865
0.24884
0.248815
0.24879
0.248866
0.24884
0.248815
0.248891
0.248967
0.248942
0.248917
0.248892
0.248866
0.248841
0.248816
0.248791
0.248766
0.248741
0.248817
0.248892
0.248968
0.248943
0.248918
0.248893
0.248868
0.248843
0.248818
0.248793
0.248768
0.248843
0.248818
0.248793
0.248869
0.248844
0.248819
0.248894
0.248869
0.248844
0.248819
0.248895
0.24897
0.248945
0.24892
0.248895
0.24887
0.248845
0.24882
0.248795
0.24877
0.248846
0.248821
0.248796
0.248771
0.248846
0.248921
0.248896
0.248872
0.248847
0.248822
0.248797
0.248772
0.248747
0.248722
0.248697
0.248672
0.248647
0.248622
0.248597
0.248572
0.248648
0.248623
0.248598
0.248673
0.248648
0.248623
0.248598
0.248573
0.248549
0.248524
0.248499
0.248474
0.248449
0.248424
0.248399
0.248375
0.24845
0.248525
0.2485
