-4.969000 -1.026050 -3.118852 1.352138
5.106103 0.183847 3.837058 -1.869639
-3.910802 -0.396753 -3.042558 -0.797068
-11.524828 -2.567034 -10.616358 -1.159919
-3.955084 3.429506 -4.217824 -1.473438
-3.581155 4.025698 -3.579037 -0.469379
-10.855814 8.819434 -10.521217 -1.027654
1.590698 -0.990703 2.444145 -1.236090
0.134335 -0.847958 1.393245 -0.983127
0.567214 -0.716060 0.825339 -1.740160
-0.800669 -0.038889 -0.934528 1.078125
0.128364 0.246216 -1.208205 2.095484
1.664518 -2.111185 -2.377512 2.030736
-1.576914 0.751468 0.739291 -1.228629
-2.188010 2.087784 1.529349 -1.269206
-0.800199 -0.416768 0.197371 0.518634
0.753626 -11.316864 13.399837 1.060013
0.492416 -1.188355 1.379641 -0.584653
-0.487565 -5.017921 4.620279 0.408949
0.598014 -0.288109 0.223221 0.756777
-0.215386 1.672228 -1.252336 -0.231983
-1.856982 1.355433 -2.376391 0.576805
1.533749 -1.425167 0.561536 0.408357
1.204089 -0.456013 0.261530 -1.008990
0.962723 0.048256 0.323057 -0.676446
-1.197941 -1.611654 -1.444161 -0.715584
-0.481396 -0.704530 0.571520 0.491837
-1.240847 -0.583667 -0.323067 -0.432754
-2.617849 1.246364 2.820371 -3.332086
1.787673 -1.171110 -2.542500 3.999224
-2.420346 0.407347 1.843133 -3.004410
2.233566 -0.633251 -3.314362 4.317206
0.981018 -0.087465 0.537232 -0.977529
-5.277791 -5.343928 3.590181 -5.243821
3.188892 2.651061 -2.886797 4.248019
3.020071 2.599852 -2.588212 1.938513
-0.566245 0.274033 -0.056626 0.704048
-0.332685 -0.693197 0.979727 -0.609583
-0.133417 0.887355 0.138473 0.802622
0.320239 -1.114390 0.945136 -0.391412
-1.425611 -0.164725 0.522996 -1.020788
1.333387 -0.279131 0.851992 2.031385
2.206065 -0.423027 -0.131060 3.648747
-0.076512 -0.883506 -1.436343 -1.390411
3.187107 0.421614 -1.100381 1.111100
3.041317 1.135440 -1.405001 0.277057
-1.801665 -0.319343 -0.116690 0.195605
2.572541 1.265556 -0.726730 1.043132
-0.069657 -1.215937 2.344871 -2.726421
-2.426875 -2.178767 9.208190 -6.261956
0.619189 -0.647377 -0.321671 0.637948
0.692988 -0.666947 1.989391 -2.436205
2.257929 8.635083 18.185935 -0.640537
1.957317 2.037859 5.363277 -0.585597
-1.240950 -2.310952 -4.430393 -0.562210
0.049484 7.528365 12.371783 -0.470683
-2.391248 20.770052 -17.140045 4.602578
-0.297488 -5.779743 3.702127 -0.924427
-1.498835 8.444628 -7.609684 0.958052
2.485411 -14.442086 11.675073 -3.696491
0.366325 -0.432216 1.518620 -0.538807
-0.578951 0.220930 1.497996 -0.423375
-0.572628 -1.437614 2.441259 -2.331897
1.218019 2.127552 -2.571593 1.339912
2.228561 2.121229 0.535657 0.710601
-0.966983 -1.233315 2.204847 -0.656773
3.622556 2.415489 -2.065631 0.747374
-0.718697 -0.410919 -0.164739 1.013139
0.108889 0.379426 -1.050581 -0.646513
-0.271542 -2.110525 -0.026122 0.359851
-0.643134 -0.465944 0.345542 1.481918
1.530243 0.979923 -1.003374 -0.249670
0.073062 1.219396 -0.669212 0.720791
2.316468 -2.865005 -0.615603 -1.138534
-2.130115 4.657850 0.690260 3.277491
0.672290 0.389503 0.732475 0.213048
0.098997 1.540797 -1.309011 0.072024
0.131772 1.366260 -0.223692 0.549072
-2.282263 2.137315 2.689874 -1.282093
-1.790102 2.191744 4.255929 -2.576390
0.097929 2.029035 3.435731 -4.552302
0.153570 0.432864 3.006544 -2.919666
0.514587 -2.156159 -3.288375 3.912145
0.534739 0.214790 -1.427292 1.845518
-50.789703 39.300391 -14.237214 32.523698
-101.664132 77.177805 -28.437912 63.630191
67.260074 -51.369408 18.322289 -41.578104
25.271251 -18.630152 5.934046 -16.046186
-1.907496 0.818316 0.541232 -1.414902
0.491404 -1.515515 -0.215635 0.859179
-0.191122 0.721259 -0.484002 0.432572
1.124510 -0.109995 0.228357 1.479290
0.599154 -2.556312 0.784569 1.446985
-0.747649 1.300091 -1.323926 -1.369417
0.032875 -1.130670 -0.282191 1.441688
-0.939402 1.147715 0.563575 -1.279285
-0.260573 -0.664308 0.763905 -0.826256
0.997621 0.014517 -1.050089 -0.159517
-0.129059 -0.193874 -0.220036 -1.130404
1.019687 0.742835 -0.218501 -0.207560
1.236666 -0.395985 -0.941117 3.726834
-1.388568 -0.420089 0.851088 -2.369295
5.007818 0.051048 -6.376112 11.068601
-9.124090 1.136948 9.842764 -19.041137
0.798952 -0.011124 0.337014 0.934825
0.512770 0.260750 1.039557 0.827220
0.032998 -0.735462 0.786077 -0.362537
0.961779 0.555877 0.653330 -0.013772
0.482990 -0.221329 0.954468 0.468908
-0.953081 -0.115099 -0.734021 0.001961
0.802602 -3.293142 -0.509545 -2.088824
1.443007 -4.122835 -1.400424 -1.973558
-22.000384 22.190329 -7.598651 27.937286
-18.854958 19.272928 -6.208849 22.717893
14.761071 -16.419935 4.026610 -19.031963
-12.202529 11.439877 -3.651828 14.629595
-1.873489 -0.390895 -1.154083 -2.501099
1.881061 -0.027051 2.020547 1.446368
-1.165792 0.079063 0.166589 -0.900364
-2.305227 1.039939 -2.711690 -3.317796
1.204534 -0.643946 0.526135 0.064721
0.409887 0.631729 0.383751 0.408067
-1.631267 0.057602 0.009365 0.486389
-2.226003 1.489590 2.142252 -1.055247
1.491439 -0.536304 -0.741499 -0.524205
0.829298 -0.994420 -1.200020 0.023672
-1.350553 1.382782 0.457139 1.115600
0.599583 -0.525768 0.550731 -0.087901
1.095473 0.755528 1.516462 -0.274458
-1.874590 -1.005364 -0.333825 0.232935
0.387998 -0.215983 0.430373 0.588345
0.197104 0.810477 1.008070 0.537619
-1.547921 2.847963 -2.384301 0.158593
-0.537071 0.394796 -1.122535 -0.544268
1.213411 -0.770763 0.419851 0.677376
0.396678 1.434321 -0.649791 0.345033
-0.391919 0.391888 -1.520450 -1.081888
0.851387 -0.871827 0.201109 -0.404578
-1.627475 -0.267099 -1.800219 -1.455046
0.067931 0.191634 -0.237659 1.308083
1.512814 0.798666 -0.459086 1.098074
-0.940824 -0.650302 1.422148 0.218574
-0.868266 0.522463 0.135057 0.244700
-0.371179 -0.136366 -0.978416 -0.102748
14.379472 22.046149 -18.087385 37.254124
-7.077211 -9.866514 9.557708 -17.679576
4.527290 5.231017 -3.856672 9.574372
-15.067409 -22.356709 18.737358 -37.215305
6.279297 6.272013 2.262792 0.642498
-17.528989 -20.451063 -8.929134 -1.167625
-3.700978 -3.613341 -1.638845 -1.309631
8.312886 9.859066 3.615582 1.483769
-0.017497 -1.228804 0.166845 0.054271
1.937362 -2.142493 0.809128 0.408920
-3.730374 4.804025 -2.353106 -3.304604
4.080051 -4.288932 3.389140 2.377681
2.052924 3.874295 -3.415438 -1.162962
-1.472051 -3.525765 3.073801 0.376142
-0.233598 0.904300 -0.746811 -0.868408
-0.890835 -2.623687 1.241098 1.111366
-0.488025 0.629649 -0.005974 -0.321934
0.136521 -2.144035 4.810055 -4.125093
-1.001356 -0.974911 1.363640 -0.889117
-0.743504 -0.708648 2.513576 -1.153208
-0.820462 -0.429525 -0.496357 -0.154647
0.494212 0.861029 -0.854314 1.035620
-0.580753 0.373552 0.812683 0.036328
-1.412065 0.015758 -0.096140 -1.717638
1.288031 -1.224858 -1.545674 0.005035
-0.561714 1.536678 -0.415649 0.103657
1.598088 -2.137764 -0.732602 1.968628
1.190367 -2.042920 -3.215154 1.775566
1.033540 -2.592764 -1.297353 0.988167
1.148229 -2.533052 -0.008183 1.308576
-0.261864 -1.130269 0.921368 1.357746
1.463395 -1.333498 -0.939348 0.983669
-1.368434 -0.958189 0.837931 1.241115
0.250992 0.130434 -0.816265 0.432051
-0.096205 0.055609 0.516829 0.706110
-1.508956 0.035633 0.765070 0.292328
-1.389843 0.063138 -3.295684 -3.047231
0.746838 -0.526249 -0.477506 -0.202469
-1.190142 1.354378 -6.341841 -5.075090
-1.131050 -0.473452 0.335598 0.892871
1.223794 0.016471 0.624589 1.361785
0.423571 0.632452 0.883623 -0.673783
-0.563924 -1.814132 1.384231 0.844633
-1.934258 -0.417101 0.656270 -0.495332
0.000093 -1.300872 -2.134323 -2.575808
-0.642705 -0.368670 -0.919254 -1.915747
0.522753 -1.275792 -2.077718 -3.420673
0.214664 -0.191872 2.066245 2.351175
-1.555968 2.331714 1.702948 -2.815594
3.806633 -3.133659 -2.914562 4.856087
4.366882 -3.750055 -2.250046 4.284301
-11.905638 14.662699 3.322216 -18.057768
-0.110025 1.154733 0.874387 0.080188
0.697095 -0.926846 0.001062 -0.052773
0.627454 -0.853229 -0.590419 -1.242984
-1.133173 0.791840 1.414857 0.374977
2.360337 -2.754032 0.913949 1.602315
2.037265 -1.888642 -0.182790 0.411426
0.659502 0.485495 -0.403315 0.757861
1.523276 -1.853498 1.526378 0.732983
-0.963832 -0.832801 0.057944 0.024508
2.597144 0.315145 -0.460352 -1.493829
-0.237204 0.322001 -0.247972 -0.352040
2.246909 0.892453 0.569425 -1.693878
-0.375152 -1.911888 1.207317 0.750909
-0.868215 1.232839 -1.246346 -1.275148
0.225256 1.001521 -1.678832 -0.982444
0.125389 0.517084 -0.992484 0.527663
-5.288533 0.096850 1.411683 0.901554
0.541603 3.736218 -0.747626 -2.964659
-2.017633 2.133501 -0.831487 -2.219786
-2.319409 -4.388893 0.690711 5.286766
1103.910585 -340.377008 -939.785561 1265.384636
3673.757498 -1137.421317 -3125.937817 4207.810598
-705.068291 216.785805 601.821010 -809.092890
-1012.659063 314.022319 861.895894 -1160.734010
1.057394 -1.225194 -2.642441 0.621668
0.754047 -0.443456 -0.267540 -0.394730
0.562584 -1.872671 -1.305635 0.988158
-0.637819 0.163168 -0.044664 -0.569175
0.505336 0.421834 -0.881266 -1.151592
-0.499018 -0.033562 -0.838327 -0.688869
0.653880 -0.286145 -0.108094 -1.262316
-0.828395 0.539681 -0.016869 0.036000
-7.819108 -0.451869 -0.161674 3.848876
-31.653731 -0.573763 -2.704303 13.235366
-4.341313 0.430384 0.274305 1.601582
-24.590590 -0.069026 -2.456315 10.761187
-0.624374 1.943951 1.057117 0.836827
-0.990949 0.189230 -0.149149 -0.136426
0.372447 2.766666 0.068571 0.899361
0.229539 -0.519621 0.297782 1.810958
0.009493 -0.058778 -1.993426 3.631258
0.799198 -1.398687 1.963350 -3.493972
0.119743 1.313032 -0.443907 2.214728
-0.452289 -0.661407 1.580117 -2.392304
-37.751426 -1.509689 2.454186 23.651098
-1.360987 -0.070118 -0.012082 -0.833174
35.029858 1.858442 -1.333998 -20.318642
4.340977 -0.799543 0.461707 -2.891995
0.671961 -0.356628 1.176507 -0.364098
-0.219450 -0.915867 0.974208 -0.074148
0.448491 -0.441185 1.804194 -1.698322
-0.537511 0.845114 0.092744 -0.060879
0.397050 -0.575681 -1.038210 -1.176002
1.871971 -6.410866 -0.084069 -2.133203
0.390719 -2.161565 0.013240 -1.550459
2.802562 -6.678476 0.207835 -2.593856
-1.030930 -1.265250 0.767036 -1.975625
0.217004 3.081143 -1.294766 1.837730
0.649538 0.994320 0.744510 -0.147970
-1.086645 -3.193930 3.167862 -3.015480
0.939417 0.115924 -0.510830 -0.666148
0.756885 0.672061 -0.466841 0.061700
0.050171 0.374873 1.333893 -0.183386
0.266973 0.494820 -0.621445 -0.771987
-1.356181 1.513392 4.572282 0.805005
0.437966 -0.927508 -6.249493 -0.799000
0.120538 -0.606431 -0.075868 0.621590
-0.478358 -0.415362 -0.980784 -0.553314
5.466315 -5.845224 5.023980 0.822275
-5.471809 3.315572 -4.496872 -2.030683
1.921767 -1.129061 2.362846 0.382947
-4.255402 3.143883 -3.003425 -0.446895
-1.280717 -0.713962 -1.995223 -0.812583
1.315710 -0.865437 -1.239357 -1.852220
0.817512 -1.218264 -2.245211 -1.004496
2.185768 -1.442621 0.493672 -0.486988
-0.262738 0.984240 0.434775 -0.381763
1.199643 0.036718 0.064056 -0.245684
-0.869027 -0.339304 -0.775040 -0.248683
-0.276179 -0.445934 0.423729 -0.450338
-0.772541 -0.329010 0.377817 0.155295
1.070030 -2.502432 0.435321 1.019329
-1.239504 1.439571 -0.833381 -0.250028
1.002134 -1.528455 1.139823 1.556627
-0.828289 -0.101229 0.184183 -0.774322
0.308807 -0.365221 0.926952 1.316535
-0.267982 -0.599784 -0.281231 -1.029245
-1.264252 -0.723851 -1.749265 -1.424461
2.405716 1.966832 -1.021905 11.235249
1.143249 1.643787 -0.072263 8.510468
0.766231 1.430777 -0.655047 3.519168
-0.914161 -0.993134 -0.053813 -0.913821
-4.780088 3.583709 0.265946 0.904445
-16.869019 11.711296 -4.169592 4.960247
-29.057118 19.040429 -5.133605 6.952539
6.676590 -3.754109 0.899754 -2.188988
-0.579155 0.172141 -0.453028 -0.333948
-0.320582 0.385177 0.829867 -0.147500
-0.387582 -1.688883 0.088792 0.012710
-0.159618 1.850466 -0.427745 0.829405
-0.335418 2.833419 -5.321462 -2.666206
1.092792 -0.116115 -1.128015 -0.402553
0.633409 -4.609553 6.230281 1.566313
1.744483 -3.153393 5.076650 1.192430
1.112526 -0.155390 0.233424 -0.550963
-0.468732 0.380782 -0.571778 -0.558967
1.031368 0.621098 0.331852 0.365376
-0.901410 -0.063273 -1.201038 0.390999
-0.145842 -1.774133 -1.552662 0.990864
-4.367895 -6.575994 -2.932717 5.574864
5.248592 6.892469 3.589740 -5.568550
2.932949 5.079771 2.172448 -2.615881
-6.931527 -4.788906 -0.358539 -23.700364
-8.249018 -7.144815 -0.025591 -28.678179
-1.383833 -1.280321 -0.040197 -1.017825
-0.662016 -0.991816 1.198412 -2.671732
0.107551 1.296330 -1.360836 -1.332641
1.088065 0.153198 1.704661 1.156895
0.507826 -0.635896 1.623200 0.329009
0.445237 -0.925724 -0.203417 0.914667
5.978548 4.506999 -3.704771 -1.906308
6.710501 6.677847 -4.853432 -1.249431
10.112965 9.126579 -7.649004 -3.704573
-1.810740 -1.966226 0.833874 1.599351
-2.260739 1.314605 -0.286178 -0.539605
-2.850122 3.397426 -0.500953 -1.646452
2.872447 -1.483806 1.473572 1.436206
-0.495267 0.535444 -0.716948 0.296547
0.852960 0.202742 0.057558 1.193888
0.491143 1.191616 -0.039609 -0.980607
0.065429 0.419773 0.917783 0.076396
-1.258924 -0.059935 -0.462542 -0.331904
-0.355030 0.779804 -0.737923 0.311121
0.959378 0.595105 0.873589 -0.520283
0.520439 0.009684 -0.346874 -0.474481
-0.507068 0.196770 -0.183228 -0.996588
1.018684 0.086058 0.759991 -0.320256
-5.095238 -14.371010 -4.040224 -10.851237
-7.634440 -20.845795 -4.549181 -14.851859
-14.161876 -26.932676 -6.487229 -20.894127
3.147633 3.466449 -0.284517 1.080515
-0.362545 0.072558 -0.917564 0.377136
1.802252 1.419952 -0.772564 0.283931
1.899255 1.265791 0.517321 1.013818
0.018514 1.129797 1.774120 -1.334197
0.768371 4.876449 2.165732 -1.280526
-0.108084 -5.426073 -1.650718 1.970310
-0.604201 5.972769 3.629144 -2.431578
3.557467 -1.657865 0.945204 -3.054300
2.611623 -1.596965 0.427616 -1.055828
0.511373 -0.860187 1.417368 -0.568415
-2.725576 -0.016972 0.006786 1.608741
-0.912834 0.040350 0.560020 0.210678
0.853677 0.292823 0.104247 -1.132883
0.769042 0.947241 0.263935 0.022784
0.338296 0.905213 -0.427660 -1.121706
-0.400370 -0.429741 0.650318 0.596083
0.602866 -1.017288 -0.610460 0.605787
-1.268971 -0.271561 0.640927 -0.328853
-0.808540 0.251373 -0.090287 0.364721
1.045204 -1.121750 -0.630549 1.067092
-2.682427 0.188898 2.929078 -0.262253
-1.481288 0.480678 0.358163 -0.132608
-2.786946 -0.420424 2.460963 -0.495630
-2.134541 2.490628 1.245602 -1.784312
-0.142200 -0.030183 -1.256598 0.989414
1.119599 -0.173696 -0.764602 -0.092737
-0.782418 2.872009 2.802671 -2.090342
0.571398 0.907488 -0.136047 -0.453036
4.659388 1.629291 0.810233 0.069595
8.581055 2.502868 -0.365704 1.077789
-3.261719 -1.676769 -0.728908 -1.073777
-0.876979 -0.323453 0.957189 -0.005557
0.038829 1.003690 0.407186 -0.560957
-1.158096 0.045193 0.417374 1.020335
-0.188647 1.195593 -0.718163 -1.198405
2.640104 -0.088800 0.182592 0.408019
0.037220 -0.147001 -0.066420 1.071888
0.977215 -0.208071 1.012676 0.107196
1.224784 0.845730 1.143781 1.418833
1.072307 -0.728429 -1.545186 -1.215663
-1.046107 -0.601462 0.366296 0.967586
-0.355356 0.302184 1.679128 0.072470
-0.417482 1.128982 1.679086 -1.174880
5.721108 5.270072 25.455865 10.566357
-1.379959 -1.212582 -9.466812 -4.088332
-2.473649 -2.795737 -12.728749 -5.940035
-3.823545 -2.967713 -15.819931 -7.224754
-5.112247 11.967921 11.464914 -3.213359
-0.588678 -0.157470 0.361587 -0.735949
-7.949945 20.784962 20.968572 -6.530476
-4.284152 10.863670 10.460828 -4.122415
-0.799382 -1.586654 -2.981141 0.979490
-2.099141 1.773000 -3.706914 1.137960
0.299977 -0.633064 1.768277 -1.209588
0.458338 0.831430 0.521800 -0.966135
0.251521 -1.978735 -1.346084 -2.981413
-3.599294 0.465659 1.832733 2.340864
-3.366945 2.091128 2.763534 2.044404
-3.831473 3.085937 2.541711 4.151702
-2.020678 -0.570536 -1.992450 -0.266361
-2.496025 0.490855 -2.048517 -0.263443
-0.596497 0.205653 -0.774835 -0.877570
-3.297176 0.480422 -1.483624 -1.304801
