001100010111 100000000000 011011010000 110100101010
011000011110 100000000000 011111111111 111011101011
101011100011 011111111111 100000000000 000111011111
101011001011 011111111111 100000000000 001011011011
000111111110 111000100010 111011011111 111100100010
000010010111 000111110111 111111111001 000001001110
111111000010 111010000011 111011110001 111000110111
111011110100 000011101100 111101101010 000111001110
100000100100 000101111101 011000101101 011111111111
010101100100 110101000000 110000011010 101001110011
011000100110 110100100110 100111000000 100000000000
000011010101 111111011110 110010111010 111000100000
000000011100 000000111011 001001011001 000100010000
000100000011 011001001000 000101110111 000011111011
110110011000 101110001111 110000100000 001011010010
110101111001 000010001100 110111011011 111110011101
011111111111 010010100010 011101011010 111011010100
011111111111 010101011101 011111111111 110000110100
011111111111 011001100001 011111111111 100000000000
011111111111 000001100101 011111010010 110100100000
000000110000 101011101011 001111011100 101001001010
111000000011 010001100100 111100000110 011111111111
001010010000 000110111000 110111011010 011111111111
110011110101 000101010111 111010001001 111011100110
001000010001 001101111101 110111001101 010100010000
001100011010 000000011101 110110010011 111110100101
101111100000 100001011010 011011100010 100000000000
000010011110 110110101111 001010100100 101101110111
101001110111 011000100010 100110010100 011111111111
110100010001 011111111111 101010111101 011111111111
110100000100 000100101010 110000110011 011011000001
011011111001 100000000000 011111111111 100000000000
110110100101 000100010111 000001101110 000011000110
111111101100 000101111000 111101101110 110110001011
000111100001 000011010111 111101010110 000010000111
110011100001 111011111101 001101110100 001001111100
000010111100 111011100011 000010000001 101001110001
000011011110 111010101100 111111000011 001111000010
000011100100 001000000000 000001101001 111100110100
111110011010 111110001110 110010010110 011010001001
111010000000 111010001101 000011110000 001000010101
111111110111 111010110000 111111011000 000111011100
000010110001 111001010101 000101100010 111101010110
000100100000 000110010010 000001000000 000000011000
111100010011 000011111001 111110111000 000010111100
000010011100 111010111101 111011011011 000011000000
000101001011 000100110000 000011110111 000101100100
111111011111 000011001010 000111110001 000100101100
001111000011 110110111010 011010101111 011100000011
000100011100 111011001111 001111010101 011000100011
111000001000 111011111000 111011010001 101101111001
101100100000 001011100011 101101101010 100000000000
001110111110 100000000000 100000000000 110101001111
111101110100 111110111000 001101101010 000101100110
000100111001 000010101000 001100001001 000101011010
000111111101 000001000101 111100111110 110111010001
100000000000 100000000000 011111111111 010001000110
011111111111 011111111111 100000000000 100010000100
100000000000 100000000000 011111111111 010000111101
011111111111 011111111111 100000000000 111010011101
111010010001 111110110011 000001101010 111100010010
111010111010 111101001101 111011010111 000100011000
111101011001 111010100100 111011110010 111101011110
000011000100 111000011110 000010110101 000010101001
001011000111 111010100011 000010000111 111000001101
000010001110 001000111111 111001010111 000000000110
110110110100 110100101110 111110000010 000001000001
001111011000 001111100110 111100111001 000011111101
110100101011 111100101110 111100010011 111000010111
001010010100 001000101101 111101100110 001001101010
000000100101 111011011101 111011011100 000000100010
000000110100 000101100100 111111000100 111000110000
011111111111 000001110100 011111111111 100000000000
100000000000 110001011011 100000000000 011111111111
011111111111 000110100010 011111111111 100000000000
011111111111 001101010101 011111111111 100000000000
011111111111 100000000000 000101110110 001111001100
011111111111 100000000000 000010111110 010100000100
110100001101 000010111000 001000010001 111111111100
100000000000 011111111111 000110001010 111100110110
000110110011 001011101000 001011011101 110000010111
000010111010 011010001010 110101101111 100000000000
111111010110 000000010001 110110000010 011000101011
100001100110 100000000000 001000001100 011101100000
000000010101 000010101101 111111000111 110010010001
111100001100 110010101000 000111111111 000100101111
110010100111 011010011001 101001001110 100000000000
000101011110 001011100111 000011111110 001100011110
110111001000 011111111111 001000100001 100000000000
111111000111 010011111100 001000110010 100000000000
000101101000 100000000000 001001110110 011111111111
001101100110 101000101001 010100100001 001110110100
111101011000 111110101000 000000100111 000101101001
111000111001 111011001010 000011010100 110110110100
111110111001 111001101010 110010010111 110101011111
000000000011 111000000000 000100101110 111010110110
000111001110 000000011111 111100111000 000110000000
111110101011 000101100001 001010011010 000000110011
111011100101 000010110000 011111111111 101100100101
001101001100 000101110011 100000000000 011001011110
000000100100 000111010000 001001011000 111101111010
001101100100 111001101011 000001000001 110010011010
111111100101 000000111011 111011011111 111011110001
111011100100 111110100101 000101011100 111100110110
111010100001 000010010110 111010110100 001000001010
111010100111 000110001100 000110100011 000010100000
001000111100 000101000100 000011011001 111010110010
001010111011 111101110011 111111000001 000101010111
111011000100 111000000110 010101110010 000000001001
001000001011 111011000100 101001000101 000011010111
000010000101 111011100011 001010101101 000110101111
010000010011 110111101101 101011010111 111110100100
111001111011 000100110001 111011000101 000101010101
111111101111 001011101001 000010101011 000000011001
000101101011 001010100000 001001101010 001000111010
111111000001 101101110101 110000010010 111010011111
001001111110 000111100011 111011000100 000000001010
000100010001 001100011100 000010000001 111000101010
000100001010 111001011110 000010101010 001000010011
000000111000 000010100010 000010011010 110100001100
000111011110 000011111100 001010000000 000111101111
110011001010 110110100110 110110010100 111001011010
111100000000 111101100101 000010000000 111000100101
000001111100 111001001001 111110001000 111100110011
100000000000 011111111111 011111111111 011010011101
010001010001 111000101111 110100000111 000000001110
011111111111 100000000000 100000000000 101101000011
011111111111 100000000000 100000001001 111000101111
111000011101 000010011100 000011001101 001001110100
111001001001 010101100010 110101011011 011000110000
110101001111 011110000010 111011111001 011010100000
010010010010 101000110011 000010001001 110000001110
111100000110 010001110100 101100001110 001000001111
010000010101 110011100011 000111101010 000101100101
111101000111 111100001101 000010000010 000100110101
000000110101 110011011010 000111111010 110101100000
011101001100 000101001011 100000000000 100000000000
101010011110 110001010101 011111111111 011111111111
101001010011 110100111010 011111111111 011100110111
010000010011 000010010111 100000000000 101000100110
000001001110 111011010101 110110100011 111010111101
000011010011 111011011110 111111110111 111110011010
110011001000 000010000000 001110110001 000000000011
000101110010 000000010001 110011110100 110111000100
001100010100 001111011101 111000010001 000100001100
000000111000 111000010000 000111000110 110101011101
111101100110 110010011111 111100101001 111000011011
001010111100 001111101010 111110111000 001100001110
100000000000 000101011000 011011010000 011111111111
110101001001 001101011001 000110011110 001000011101
001011001101 111110100101 000011011010 111100011111
101011100010 000000101001 001110101011 001001111111
100110110100 000100101011 111010100000 010101100000
111001111011 111101101100 000010110011 001011110110
110001001010 111100100110 111110111001 001001110011
001110110001 000010000110 001010110101 110010101000
110101100011 001001010011 000011001111 110101111100
001000000000 111001111011 110100001110 000010011100
111011001000 001010100111 001010100100 110111000101
110101110111 001111000111 000101000010 111001110001
000101101001 001101001101 111000010010 000001010011
111101001011 001101100011 110001101101 000000001011
000011010000 111001000100 000111000000 001001010010
111111000010 110111111100 111010110000 101110101110
101110100001 110111000100 110101011100 001100001100
100111110100 000000101110 110111001111 001101000000
011111111111 001000011101 001011110101 100100011000
110000111100 111010010010 110011110110 010001000111
100000000000 011001011000 100000000000 010110110011
001001100110 111101011010 001011010100 111110010110
011110010000 101100100101 011000100001 110011110100
000011101101 000010101101 111101111011 111101100101
001000000010 001011100001 111011110110 001100110111
000001111110 010101001011 000100100011 001101101001
001011001011 100001110111 111101001001 101100100001
110100101010 011111111111 000101100001 011111111111
111000101010 001111011000 000101110110 110110110000
111111110000 000010000100 000110100011 000010011100
001000110100 000000010110 111000011010 111101001000
111010001000 111011110111 111110101101 001011011011
000010001000 111101100101 000101110101 000001000000
000010101000 000011100111 000000101010 000010111110
000100101101 111101001100 111001111100 111100101011
111110101011 111100011100 111010110011 000101010110
111011110010 111001000001 111101100001 111110000011
011000011011 001000110110 110101110111 111001110110
011110010110 001000111001 111100100101 111000001000
111111100010 000100000001 000000111011 111010000000
110100000000 000101011100 101111101101 100110000101
111011000111 001111101010 100010101111 101100100000
100000000000 111100001000 100000000000 100000000000
010100001101 111101100001 001101101111 010010010101
000000011001 110110010101 111100110001 000100100100
001110000101 000011110110 110111011010 111101111101
110110101000 000101111111 000011111100 110110101011
111110110011 000011011001 111001010100 000011100100
111111010100 000010000100 111001101111 001011010101
111000101110 111111011111 111100001010 000101101100
000001010001 111011001111 000110100110 111100110011
000011111100 111100100010 111010101001 000001010101
111000101010 111111001111 000110110010 000010100001
111110111001 011100010111 100000000000 110101111110
000000110010 110011010111 000100001011 111010100101
000100001101 111000001111 011000110111 000100000111
010001111110 011111111111 100000000000 100000000000
111011110101 000100111100 111000101110 000001011110
101110000010 100000000000 011111111111 011111111111
010101101001 011111111111 100000000000 100000000000
000011001010 111101111100 000101111011 110101001010
111011100011 000010001111 111010010111 000010010100
001001100010 000101110101 000110101100 110001100100
111100010001 111000101101 110010101100 001111011000
001000111010 000101000001 110001101010 111010001010
000010110000 110110011110 111101000001 110100110001
000111010000 000111100101 110000111011 110001110011
001101010111 111110111001 110111000011 101011111111
100000000000 011111111111 011111111111 011111111111
011111111111 100000000000 100000000000 100000000000
011111111111 100000000000 100000000000 100000000000
100000000000 011111111111 011110100000 011111111111
110011110100 001110110111 111110100110 010110001010
000111111000 111110010011 111011100100 110101001110
000011011000 101111001011 000011011011 100101101111
000001001111 000010100011 111000011001 010000000000
000101111100 010011101101 110011101010 010111010110
001010010000 001010001111 111101111111 000011001101
000100011110 110011011010 001000011011 111010000001
000010100100 010110100010 111101101010 001010011110
110111110110 010000000110 001111001011 001000111101
101100001000 011101000011 001101100110 111100001110
010000000101 111010011111 111010010110 000010000111
011001100001 110010110111 110000110101 001011011011
111011110100 111111000001 000100110101 000100000101
001000110111 111010011101 000001110100 111001001011
111111111000 111011111001 111001000101 000100001110
000001100101 000010101101 000001100011 000101010110
011001010010 101110101000 010100001011 000100110010
011011001100 101111001110 010001011001 001111011110
011111111111 100000000000 011111111111 001101100010
100000000000 011111111111 100000000000 110010001101
000100101110 000011110010 111001000000 000000001011
000111011101 111001111011 111111101010 000110010100
000010011000 110111001001 111101000011 111110111100
000011011010 111001010000 000010001000 111011011001
011111111111 100000000000 100000000000 100000000000
100000000000 011111111111 011111111111 011111111111
100000000000 011111111111 011111111111 011111111111
001001010011 110001110010 000100100011 111111010001
111011011100 111110101111 111010110011 111011001111
000011000100 111001110111 000001110110 111000111011
111110100111 110010101101 111101010010 111111001101
000110110110 000100100001 111110010111 000001110000
000010101011 011111111111 100110110110 110001000101
111000010011 100000000000 010111111110 000101110110
111001001001 110101011101 111111101000 000001001110
111100111110 110001100001 001100001111 001000111100
001011001100 000110010100 111101010110 110010100100
000011100110 111111001001 101111010010 110001000101
000101000111 000011100010 000100001110 110100000101
000011010111 111011000101 001010100010 000010010000
001110100001 001101111000 001001111111 010100100100
111111100111 111110100001 111111000100 000111011011
010001001101 010010101111 010111110010 011011101111
101111101100 111000100111 110001100001 101100010111
101101011001 110111100100 111111101001 110111000111
010001100111 110001111100 010111111100 101111101101
000100000110 101011101001 001110101110 111000100000
000100101000 011001110100 100100110101 001110111111
100000000000 110011101101 100101110010 100000000000
100000000000 100010101011 100000000000 100000000000
000110010110 111101000101 111010000000 111001111000
011111111111 011011001101 011111111111 011111111111
000000100100 110101011111 111110110000 000001010011
000010001111 111010101000 000010110011 110110011101
000101000110 111001010001 000111001101 111110010000
000101010000 000100011110 110011001101 001110100000
011111011001 101100101101 111110100111 010000110001
101111011001 001000101010 000101011010 110000001101
000000101101 000111000110 111111011111 111000111010
111100110111 001010001100 000110000010 111010010111
100000000000 101011111010 010110100001 101000011100
100010110111 111000100100 000010001000 111110000011
011111111111 000111101101 110011110111 010010011011
010001001001 000000110110 111000100111 000011001001
010000100010 000100110011 001111110000 000000010101
000011001110 111111110101 001000101111 000110111001
111010011101 000101100100 110101101110 111100001010
000011100000 110110010001 000001110110 001001000000
111010111010 000111011001 100000000000 001100011000
000100011011 000001100010 011111111111 111010001100
001000000010 000111110011 100100010011 001000101110
111100110011 111011111011 011111111111 101111111111
001111110000 010111000100 100010010010 001010001001
010011011000 010111001110 100110110101 001001001001
010110011100 011111111111 100000000000 000101111101
101101000110 101010010001 011111010001 111110101111
000011111011 111000110000 001011011100 000010011111
111001000000 000111011010 000001010011 110001000000
001011011111 000001000100 000010111010 010000000010
110001100010 000010011000 111100100100 110111111010
111001100011 000101010111 000111001111 110110111101
111001111111 111101001110 000111111000 000100100110
110011100011 111100100110 000110110000 111100101111
001000000010 110100101000 111110011001 001000110111
011111110110 101110001000 100110001010 110110111001
100000000000 010100110111 011111111111 010101111101
011111111111 110101100111 100001110001 111000111111
001001111110 110111110000 101011101111 000010011101
001000000000 000111011101 111100010011 110110010000
001000111011 000010110011 111001000000 111011010010
000111110001 000001011011 000001100000 111011111110
001000100101 010011011011 111110110111 001000100111
110010100101 111011101101 000010111000 110111110001
111100000110 000100110010 111101111110 111010011001
111101011001 000100110010 001100010101 111000100110
110100001000 000101111110 001110011110 111010101011
110111011000 110110001010 111110001101 111000110010
001001011111 000110110011 111010110101 010000011000
000101011100 001010000011 111001111110 001100010000
111011001000 111111101100 000100111101 000000000011
111011111101 000001010100 111011101001 000010010111
111100110111 111010001111 111111001001 000011001010
000011110110 000010110010 000101111000 000101110001
111001100110 000000100001 000001100111 111000001100
001000011010 001000010101 111010010100 111011110001
000010000100 000011100101 111000100001 000001001100
111101010110 001001011001 001000101010 111100110010
110110110011 110110001010 111101010011 111100100111
100010110000 000000100111 111100000110 101010111111
001101011101 000011100010 000101110110 010000110100
111000011011 111101110001 111010111001 111110100011
000011101110 000101000101 111011111001 000101101100
001101100101 111110101000 111111000011 010001000000
111101111110 001010011110 111111011110 000101011001
111010011100 000100000010 110111011011 110111011110
011000111100 111001000011 000011111111 010001110000
000001111010 111010000110 000011000011 000100100001
110011010101 001000001110 000001011100 110111101000
001010110001 110111111011 000000011101 111110010000
000111111100 110110000011 111010110010 000101000110
110111111101 111011111100 000011111001 111101001000
000000000110 000111000000 000111000110 111101101110
111010101100 111001010000 000101011010 000001111110
000111000101 000001011100 000011111111 111000010011
011111111111 111100101010 111010101001 100000000000
100000000000 100000000000 011111111111 011111111111
100000000000 111011001000 010010101101 011111111111
011111111111 011111111111 100000000000 100000000000
111001010010 111010000000 111100110001 000110100100
000011000010 000100101111 001101010011 111011011010
000000011010 110010010110 111010011110 000110010111
111101001101 000111110100 001011000110 110100111111
000110000011 000001100001 000000111111 000100110010
000110100110 001001110110 000101101110 000000010101
000000100100 000101100000 111100000110 000001100101
001111111101 000111111011 000000000101 110111011001
001000010011 001010011111 100101111010 100100100000
111010000110 111110101100 000110001110 001100011101
111101011111 000011011110 111011100100 110101110011
001000000100 001000100000 000100100110 000010011010
000111100111 000000110101 000101110100 000000001100
111001100010 111101100110 000011010010 000100011100
110110011010 000100101100 111110010001 000111111010
000100101011 000010110110 000100011010 111001011011
001110001001 110100001011 000001100100 111111011111
000011101101 110010011101 000011110011 000000000001
110011000111 010010110000 000100100101 110011111101
101101000001 011011001010 111010000100 110101000001
011111111111 100000000000 100000000000 001100000011
001000011101 111100001110 111011101100 000111000110
011111111111 100000000000 100000000000 010000011000
100000000000 010110100010 011111111111 111100011101
111010011110 100000000000 011111111111 110010101100
111100001101 001100110111 110100000110 001001011110
111010100010 100010010111 010011101110 110100010100
111110101011 010111100110 101110110100 000101100001
110010010111 110100100000 110000010000 111101011000
111001011001 110111010111 000011111100 000011000111
111000011011 101010110011 000011101100 010000010101
000011011001 000111001010 111001000011 110001101111
010011010010 100000000000 011111111111 110111001000
111010000101 010010010110 110100110001 000001001010
101001010101 011111111111 100000000000 001111011101
001001100100 100000000000 011111111111 110011001010
010000110101 000011011000 111101110110 001100001110
011000101111 000100001100 111110011000 011111111111
100000000000 000101101011 001011001111 100000000000
110011000101 000011011110 111011110101 110101111011
000000010111 111011001001 000010000100 110111000100
101001111101 000000011110 001010010101 101011101111
001001010001 111100100110 110101101100 001001001011
000011001000 111011100010 000010101011 000101001111
000000000110 001001000101 110101110001 111110011101
111010011010 000101011000 100000000000 000011101111
111100110111 111100111101 000011110010 111010101001
111101001100 111010011111 011111111111 000100101100
101001000101 000010011101 000101000111 100111101100
100000000000 010100110110 011111111111 100000000000
100000000000 001100100110 010111110011 100000000000
100000000000 000011111010 010111011100 100000000000
