111110000111 000101100000 000110011001 111100000000
111010011100 111101011001 000000011100 111001001101
111010110100 111011110000 111011111101 111011111010
111101000010 000011110111 111011110111 000110110101
000101011001 000010110011 111011011110 111101101000
111101110110 000111110111 000010001110 111111110100
111100100011 111011000011 111000111100 111000001110
000011000111 111011111111 111001111101 000101000100
111011111100 000100101110 111001010110 111111011001
111001010101 111011001011 111011011101 000001110100
111111010101 111110011011 000001100000 111000110110
111111110100 000101001101 111010101110 000011100010
111010001111 000001010110 000000110001 111001001101
111111001000 000010010000 111111101100 000001001010
000110001010 111110100000 111110010111 000001001111
000010001101 000010101010 000011100110 111101101111
111101000000 000011101111 111111000110 111110110111
000110000010 111010111000 000010100111 111100110001
000111011110 111000110100 000000001111 000101101111
000100111100 000000000101 111100000111 000011011100
111100100110 111110011001 111110100000 111010010011
111010011011 000001101011 111001110001 111001010011
000000010001 000011111111 111011100010 111001101001
000010001110 000001001001 000010011110 000001011110
000101101100 000011000011 000001101110 000011000001
111011001110 111001011011 111001101000 000110100100
000110000100 111100101110 000001010010 000100101110
000110110000 000001110111 000100001111 111100010010
111010000100 111110111001 111110101101 111100100101
000000110010 000001101110 111101110000 000000011001
111110111001 000110000111 000111010110 000100110110
111100101000 000010101010 000110010100 000001001001
111011000101 000001101110 000101110000 000010000000
000011110001 000100110001 000111111110 000001110101
111001111011 000110101110 000101000100 000111011110
000011110100 111010101110 000011011011 111111010100
000100111110 000110111010 000111100110 000001001011
111101110101 111101000000 000100111010 000000011110
111011011111 000011000001 111110001101 111010001101
111101110011 000001110010 111111110111 111111100010
111010011111 000111001110 000011101010 000100110101
000010101010 111011100011 111100101101 000101011100
000111000110 111001011101 000100110111 000110001111
000010010111 000101000011 111110001001 000100011100
111001111010 111111011110 000111110001 111010111101
000101001011 111001001111 000110010000 111001101010
111010011010 111110001001 111101100110 000111100001
000101000111 000111100011 000000100100 000100111001
000010010100 111000100110 111101011010 111101110111
000011101100 111101011100 111001001111 000100111111
000101111001 111111000011 000000000110 000100010010
111100100111 000100000010 111111000101 111110101011
000000101100 111011110100 000111011001 000001000011
111110101000 111001000000 000010110011 111110111011
111111110001 000110010000 111110001111 000011001100
000000100010 111001001001 000111101100 111000011001
000100111110 000000101001 111101110011 000101001010
111010000001 111100000101 111101010001 111010011000
111001100101 111001010101 111000010100 111000101011
111110000100 111010000001 111100101101 000100101111
111000010111 111010110111 000011001010 000000110100
111110111100 000000000001 111011111010 111010100110
000111001110 111110101111 111000010011 000100110111
111110001000 000111010110 111000111100 000010101010
000010101001 111101110101 000011001001 000100011100
111101111000 000010011010 111001101011 111101011010
111101111101 111000110010 111000100101 111110000110
111100011110 111001010001 000110111001 000111101000
111000101110 111101011110 000110010000 000100110001
000100000101 000100101101 111001111000 000001100001
111011010100 111011011011 111000011111 111110010001
000010111011 000011111011 111100111110 111001000110
111110110010 111101001110 000111000110 111001101001
000001000110 111001001110 111110000010 111110001101
111100011010 000010010001 000000100101 000010101011
111011101111 111111000101 000110000110 111100100101
000110101100 111010110101 111101100010 111111011011
000111000100 111010111110 111011001110 000010000111
000111000101 111010011010 000101110111 111110011110
111111111100 000100010011 111001010001 000111000000
111001111010 111011110001 111010010001 111100010000
000110000111 000010011011 000101110000 000001011110
000101111101 111111101100 000001110011 000001010001
000010001011 111111101111 000011000110 000000011001
000111011010 111000001101 111100011111 111101010000
111111101110 000001100101 000001010101 000100010111
000101111110 000111001001 000000011110 000101101111
111011000101 111111101010 000000001001 000000011011
111000110100 000110101011 111010110100 000010100110
000010100110 111010101010 111101110000 000010010001
000101101110 111001110000 000001011001 000010101111
000010110001 111010000101 111111010010 000001101110
111001101101 111001010111 111111111001 000101001010
111001111110 000010011111 111101111100 111001001000
111101110000 000001011010 111100011000 000010011001
000111001110 111101010111 111111110110 000000011110
000110111000 111010110010 000100101110 000010001001
111000011100 000010010110 000110001110 000110011101
000100011110 000011101000 111101110110 111101001100
000101010010 000111111101 111000101100 111011011100
000001011100 000010011110 111011111110 111001101101
000101101111 111110011001 000101110111 111011010001
000010000011 000000110001 111010000110 000011001100
111110111011 111110100100 111000110100 111100001010
111111111000 111111000001 000010100111 000011001011
000110011010 000000101100 000111100111 111101010100
111001001110 000110111011 111100000100 000011001111
000001101000 000011100010 111101000100 000100111101
111011110111 111001010011 000100100101 000101011100
111001010011 111010101110 000010110101 000000010000
111111100110 111100100011 000010000000 000001010110
111101100000 000100000100 000110101111 111100010101
111010110100 000110111001 000111010000 000111010000
000000000010 000111011110 000000101010 000001101010
111110100110 111000110101 111101000010 111001010101
000100110001 111010100011 000100111101 000000101000
000100010101 111111001000 000100111110 000100000110
111110110011 000101110101 111101111100 111010111010
111001111011 000111010010 000110111110 000000010010
111110110100 000010101011 000001010111 111001110110
111011110110 111010000111 111110001011 000110010100
111010000011 111011010001 000000110100 111001011011
000111000111 000010001010 000101111011 111111000011
000110000110 000101010010 111001101100 111110011110
000001011001 000001111001 111111000011 000111101010
000010000101 000110111001 000000111110 000101010001
000000101100 111001001011 111101111000 000111110101
111100011100 000001001011 111001001100 111100000000
111110000001 111110010111 000101010111 000101001110
111011010111 111100110001 000100011011 111111011110
000011100010 111000110101 000111001001 000010111110
000100111111 000001111001 000000101011 000011001010
000000001011 000010111111 111010001011 111111000011
111011100110 111110001010 111001010110 111000100000
111000101010 111110001101 111101011111 111000001000
111111110000 000001000110 000101100111 111100111000
111110001101 000110000000 111000000100 000100000001
111110101111 111011000100 111110111011 111010010000
000001110100 000011000000 111011110000 111010110100
111100000010 111111011001 000000011010 000110110111
111000000000 000111010111 111101100101 000011001011
111001010100 111000111101 111111110100 000101000001
111001111100 000111011001 000010010001 000010000111
000010111000 111010011110 111011010100 111000001001
000000000000 000011110001 000101101101 000110110010
000011110000 111111110110 111000111101 111010001110
111100011101 000100001101 111100111111 000010111111
111010110110 111101001100 000011100111 000110110100
000001011100 000000000011 000100010110 111100010001
111110111000 000101010001 000000010101 111111101011
111111001010 000000101101 000101011110 000100010101
000100010001 111110101111 000000110111 111000011011
111110101101 000100111110 111001001110 111101010111
000110010011 111101100010 111001011110 000011001011
000000111101 000010001111 000011100110 000110001011
000000010101 000110111011 111010011001 111101110011
111010001101 000101100101 000111110111 000000010001
111010001111 000011100100 000010000010 000111110001
111101101100 111011101101 000011001101 111101011100
111001100100 111100001000 111010110000 000110000101
000111100011 111101001111 000101001000 000011010011
000001111110 111100101110 111000100110 111100001000
000000010111 111001000000 111000000010 111011101010
111110100011 000011110011 000101100101 111111001110
111100110110 111101000100 000000100101 000101011011
111000010101 000101100110 000010001110 000100110001
111101001000 111100000110 111000001101 111000011011
111000101000 111100100001 111011101110 000100101111
000011111010 000001001100 000101111000 000110100010
111110100001 000111111011 111010101111 000111010000
111101010011 000111000111 111010111010 111011011101
000110101010 000100101010 000111011110 111011100100
000001111010 000100011110 000010101001 111111000110
000001001011 000010101010 111010011011 111011110100
111000101000 000111110000 000111100000 000011100001
000000010110 111101010100 000101101111 000101011100
111110100010 000111001011 000101010100 111110100110
000100100010 000100101101 000110110101 000100011000
111110001111 000110010000 111100001111 111100010010
000000101100 000110000110 000100110001 000110000011
000101001001 000111100110 000110101101 111110111100
111001001011 000111010110 111101110100 111011110101
000101110110 111111001110 111101000110 111101100001
000010011010 000101111111 111101010111 000110100010
000000100110 111110011011 000011011010 111100111100
111000100110 000011011010 111100010001 000011110010
111110001011 111000001000 000110000101 000000101011
111010101100 000001001100 111110001100 111000001100
000010011100 000000011001 000000110100 000110101011
000011000110 000001001010 111100100001 111001110001
000101100010 111101001000 111101110101 111101011000
111001100100 000001110111 000000010000 111101001111
111101110010 000010010011 111101000000 111100010101
111000111110 111111001001 111110000000 000011010011
111010010100 111100111011 111011110101 111010101001
111011010011 111011110101 111001000110 000011100010
000011111100 111000001011 000000111110 000010001011
000001010101 111010110110 111000101011 111001000110
000100000000 111101010011 000110101101 111001100100
000111110110 111110111110 000101000110 111101110101
111000001101 111111100110 111110011110 000001110100
000001100100 000010101011 111110100101 000011101101
000010010100 000001101110 000001001000 000100010000
111100111110 111011000001 111000000111 111010111010
111001001101 000001001001 111101111100 000111000111
111101001111 000010101110 111000011001 111100100000
000000110111 111001110111 111011010000 111010001010
111010011011 000111010011 111100010111 000011000001
111011111101 111001010001 000110100111 000100011000
111000001010 000011000110 000010101100 111100100010
111101000111 111000011011 111011011000 111010110010
111000110100 111001010010 111110111000 111111000100
000101000111 111011101000 111000000110 000110100100
111100000110 111010000101 000011110101 000001101110
111010111100 111011011100 111110010111 000101001100
000101111001 111111011100 111011001110 111110110001
111001010111 111001001100 000000001101 000011011101
111101010110 000001111101 000000101001 000111001100
000100100101 111001110001 000111100010 111011100110
111011100010 111100001011 111010100111 111101010110
111000000110 111111001010 111000111010 111110101111
000001110001 000100111110 111100100010 111011001101
111000110011 111000100010 111001100010 111010010101
111100111001 111011101110 111110000001 000010001010
000000101000 000101101100 000001101011 111101110010
111110000000 000001001010 111110001101 000011000011
111111100010 111011001100 000111101011 000110111000
000100000000 111011000001 000101001000 000001100111
000000110000 000000001001 000111101001 111110000010
111110110111 000011111100 000001001010 000001111110
000100010000 111100010011 000110110011 111010001100
000010101010 111111010011 111001010100 000100100001
111100011100 000100001010 000000010110 000111110000
111000101100 111011101101 111010101110 000100010010
000110001100 000010100100 111100000111 000001100111
000010111100 000000001011 000011101100 000111000001
000111010110 000001000011 111101011010 000001001100
000101110100 000001111000 000011100001 000111100101
000000101111 111111000001 000101110101 000100111000
111000100100 000101011011 000001110010 000000101000
000100110100 000100001100 111001011111 000111011101
000011000101 111111100111 111001100000 000001000101
111011101100 000010110000 111000000111 000101011011
111101000010 000100111100 000001000010 111000100001
000001000010 111011100010 000011111110 000010000001
000010101100 111111001110 000100111110 111110101011
000101010001 000101011101 000110010001 000101110000
111001011101 111000010111 111000110101 111111100111
111110001000 000010110111 000001010000 000111000100
000001111010 111111011000 111011100000 000000101001
111000110100 000011011101 111100101101 111001000000
111011101001 111001101001 000011100101 000000101100
111100100100 111110000101 111001000000 111100011111
000001011111 000000010101 111111001001 000010011000
000100100010 000100100111 111010001110 000101010101
111011000011 111001100101 000100001010 000010100001
000111111010 111111101111 111000010010 000100101010
000011010001 111011001010 000000111111 111000110000
111110001101 111110010010 000100011000 000001001001
000011101111 111101110101 111001001010 000000010000
000011101100 111001111101 111010001010 111001010110
000101100111 111100010101 000001101010 000110110101
111000011110 111110100111 000100110111 111110011101
000000010111 000111011001 000000101000 000000110100
111111100111 000001101110 000010111001 000011000110
111111000100 000001010100 111001000001 111101011001
111100000101 111110111000 111010010010 111001100111
111010101001 111011001010 000000110000 111100001101
000001100101 000011001000 000100000011 000100100001
111001110100 000111010101 111001111110 000110110100
000111110010 000011100011 111100110000 000111000000
111100111101 111100010001 111111110001 111010100101
111011100100 000101101100 000101100100 000100110011
111010000111 000000000101 000000000000 000000100101
111110000010 111010010110 000101101010 111101001000
000001101100 111000111010 000010111110 111111111101
000001111110 111111111001 000100001100 000000111001
111101100101 111010101101 000010100100 000100011010
000010110101 000011101011 111000101100 000111010101
111101100100 111010011010 111010011111 000011111111
000001101110 111101001101 000001100101 000001110101
111001111111 000000001011 111001101100 111000000100
000011111100 111010011100 000101110001 111000010000
000001011111 000010001000 000110100011 111010010111
000101010100 111011001110 000101000111 000101101001
000001101001 000110001010 000111011101 111110011001
111101111110 000010111101 111000001100 111010011110
000000000111 000111111010 000111101011 000100010011
111010001011 111100010110 000110011010 000000010100
000111001010 000111100011 000001111010 000011110110
000000010101 000001111010 111110101101 111110110110
000000000001 000010101100 111011100110 111000101001
111010010110 000111101000 111101001001 111100010101
111001011100 000100110001 000100111101 000101010100
111000010101 000111111100 000001101001 000011101101
000111100010 000000100100 111101111101 000100011100
111110010011 000001000011 111101100010 111000101001
111110010101 000101011101 000110010110 000001111101
000101000010 000011011110 000011110110 000010110000
000000011010 111110001111 000100100111 000100101000
000110010000 111111101101 111010101110 000100100110
111110100010 000100101101 111010101100 111010000111
000111110101 000101010011 111011101111 000011101011
111001110111 000111010000 111101001101 111100001010
111111101100 000001010101 000100001010 111110110011
111001101100 111110010011 000010011000 111110100110
000010001011 000001101110 000001101100 111101011111
111110000101 000011000110 000101000100 000101100111
111011011101 000011111101 000111101100 000000100110
000101000010 111100010010 111100101101 000010001000
000000101111 111000001000 000111111101 000000010000
111001010001 000011011000 000000110010 000010000010
111110100111 111110111110 000101101110 111011001111
111011001001 000110100001 111101101100 000011110110
111111101111 111011001101 000011000011 000001001101
111100111010 111100100110 111000111100 000110001010
111011011011 000011000010 111001010010 111001010110
111100011010 111000011100 000111111110 000000100011
111011010001 000010011110 111001111001 000110010111
000010101001 000110000100 111110101001 000101101000
111001100000 111100001011 111100010111 111001110010
000110110101 111000010011 000011100000 000001100011
111100000111 000010111110 000111000000 000101001101
000100111111 000011001110 000100101011 111110000101
000100001011 111000110001 111011011100 111100100011
111110111111 000110001111 000100011110 111111001100
111111011001 111001011111 000000101100 111101110010
111000000001 000110101010 111110110100 111010100001
111101000001 111011010101 111011100101 000001101010
000011100010 000001000011 111000000110 000111111101
000010101010 000100110111 111011100011 111010010101
000000101101 000101100111 000110101111 111110111101
111001111100 000010010100 000011101110 000110111000
111010011111 000111010001 000010000010 000100000010
111001100100 000011000001 111010001101 000010011101
000111110010 111110111001 111100110111 111010111101
111010111010 111001111100 000010111111 111011100101
111001001001 111001000010 111101100101 111001110100
000111100011 111110100110 000010111010 111000000000
000010010001 111010011011 111001100111 111111001110
111001000000 111110110000 000011110000 000011111011
000000101011 000101010001 111010111000 111100110111
111100111001 000100100010 000110111011 000001100110
111000000101 000010001101 000110000101 111011100011
111010110010 000101010111 111011111101 000101010011
111100010001 111001101111 000011010001 111010010011
000001110001 000100000010 000101010111 000101001101
111000000011 000110110111 111001111111 000110100111
111001011001 000010011100 000001010110 111011110100
000001001010 000000010010 111000110110 111100011100
000010111111 000110001001 000000100100 111111100011
000101100001 000101110001 111011001001 111000010001
000101101111 111101110011 111110010011 000010110011
111100100001 000100011101 000101101001 111111010001
111110111100 000110000001 111000000111 111110001100
000111011100 000000000110 000001111110 111101000100
000000000111 111010011111 111001010111 000001101110
000001100010 000110011100 000100110101 000100101000
111011101110 111010101001 000101100000 000010001101
000010010110 000101111000 111010100111 000000001100
000101101100 111011000111 111111000100 111011101111
000001011010 111010011011 000111011000 000101001010
000011000111 000111001101 000000000100 000101000011
000110101111 111110111100 000010100101 111000110111
000101000101 111010000111 000001001010 111110011110
000000100000 111000110101 000010010111 111101010111
111100110111 111101000100 000111010010 111000001001
111010001010 111010000000 111111111010 111010100010
000010001011 000110110111 111010001000 111001111110
000111110111 000000100111 111011010011 000110010101
111110011010 000110000101 111101001001 111001100111
000000100111 000100110110 000010110010 000110101010
111101000010 111010111011 111100010011 111001101111
000100111011 111110000011 111011001010 000100111111
000111011110 000000001000 111000000101 000001000010
000001100001 000111100011 111011001000 111000000001
111100101000 111000101101 000111010010 000111011000
000001110110 111111100101 111001011110 111000000101
111101010000 000111100011 111110100110 000000100011
000001011101 111010010111 111111001000 111001000001
000000101111 000001101111 111010010011 111000110010
000010111111 000111000100 000000001101 111110110100
000101001000 000100001010 000011111101 000001100110
000101111110 111000011110 000101111100 111101010111
000110010100 111100111011 111111111010 111101101100
000111111110 000001101010 000011000101 000011100101
000000100011 000001010001 000011010000 111000100111
111010011010 000011111111 111111110101 000000111000
000101010100 111010110001 111011001000 111101010111
111101101001 111100010100 111001111000 111000011110
000000101001 111101100110 111000101101 000100100110
111010011110 000001001110 000001011011 000101000001
111101101000 111010111101 111000110111 111011000110
000111101100 111111111010 111111000011 000001100000
000000111010 111111011110 000000001010 000000111001
111101101010 000010101000 111000110111 000010101001
000011011111 000010100011 111011001010 111111110000
111000000111 000111110110 111100000011 111000001111
111010010000 000001000111 111110000000 000100000101
111000000100 111110100111 000011101110 000000010011
