-0.448840 -0.179080 -0.753154 0.282982
-0.731802 -0.706300 0.813013 -0.273293
0.658365 0.395881 0.683708 -0.340469
0.053391 -0.280927 -0.573792 0.047224
0.806414 0.744645 -0.725471 -0.640883
-0.160784 0.915800 -0.237473 0.041330
-0.905839 -0.018909 0.441721 0.719719
-0.624510 0.186883 0.130160 -0.243754
-0.186419 0.522400 -0.789501 0.752555
-0.521116 -0.935396 -0.844190 -0.586939
0.792091 -0.952037 -0.562339 -0.129659
0.529350 -0.471014 -0.176677 0.425323
-0.329501 -0.448386 -0.246924 -0.376310
0.370745 -0.636695 0.962239 -0.605181
-0.875642 -0.585990 -0.522449 0.761883
0.122775 -0.980449 0.591089 0.571277
-0.078795 0.955524 -0.100421 0.902830
0.365249 -0.673031 -0.830169 -0.582948
0.380484 -0.555103 -0.692918 -0.587350
0.089088 -0.847558 -0.032311 0.559281
0.598046 -0.194188 0.528155 -0.034756
0.779654 -0.486993 -0.091712 -0.494770
0.069434 -0.586559 -0.322257 -0.481703
0.379317 -0.163675 0.588201 -0.933813
0.306644 0.295987 0.075444 -0.883009
-0.344508 -0.480952 -0.745666 0.486319
0.532522 -0.479495 0.600596 0.643072
-0.812150 0.157944 0.341010 -0.914895
-0.346197 -0.410859 -0.663889 -0.348614
0.705013 -0.769801 -0.477656 0.924833
0.596248 0.823207 -0.882995 -0.916870
0.740267 0.731632 -0.404475 -0.156243
0.761855 0.143102 0.385349 -0.073166
-0.488144 -0.581348 -0.846657 0.036603
0.404167 -0.459675 -0.092511 -0.836919
0.007386 -0.056999 0.411638 -0.536658
-0.975252 -0.856202 0.568882 0.745760
-0.970278 0.554600 0.899361 -0.764797
-0.407376 0.589068 0.943606 0.284765
0.980882 -0.857103 0.183375 0.920373
-0.924641 0.832873 -0.640150 0.215767
-0.774001 -0.744222 -0.075203 -0.716412
0.068658 0.951316 -0.532647 -0.058321
0.471777 -0.555676 0.633256 -0.215609
0.220870 -0.066958 -0.463724 -0.130521
-0.912319 0.246855 0.076329 0.891886
-0.171951 -0.792568 -0.851888 0.553405
0.442353 -0.686529 0.457524 0.584026
-0.770968 0.000903 0.439866 0.975672
-0.969662 0.062013 -0.697677 0.743084
-0.902309 0.252180 0.372910 0.459252
-0.690666 0.189209 0.620637 0.038652
-0.446617 0.752582 -0.424324 0.178303
-0.805903 0.657120 -0.399725 0.756629
0.504476 -0.437631 0.211883 -0.395134
0.323018 -0.913558 -0.868741 -0.389886
0.911691 0.078679 -0.504331 0.984777
-0.710996 -0.793675 0.268311 -0.617251
-0.899257 -0.828741 0.151080 -0.873274
0.550602 0.536255 -0.910207 0.045024
0.966728 -0.561937 0.040916 0.282393
-0.190984 0.714729 0.195346 0.489004
0.522604 0.368453 -0.242963 -0.096266
0.427463 0.083094 -0.813672 -0.471597
-0.340849 0.789043 0.737353 0.206636
0.724545 -0.980019 -0.814929 -0.542330
0.285121 0.314994 -0.078933 0.062444
0.098439 0.213461 0.179699 0.923804
-0.697224 0.226196 -0.251706 0.637455
0.093159 -0.505888 0.158465 -0.029799
-0.960050 -0.142191 -0.405786 -0.127461
-0.049439 -0.027740 0.710006 0.296999
0.496945 0.123697 -0.109285 0.660971
0.836681 -0.625377 -0.443968 0.657205
-0.691476 -0.066973 0.090318 0.592080
-0.720455 0.983260 0.846014 -0.629112
-0.083309 0.540088 -0.818536 0.520102
0.201847 0.406678 -0.065886 0.125100
-0.572005 0.569702 -0.122371 0.166318
-0.715298 0.911793 0.310533 -0.368349
0.814824 0.415976 0.921483 0.714630
-0.093328 -0.197665 -0.532857 0.586634
-0.991739 0.984528 -0.680459 0.553694
-0.992228 0.663893 -0.731239 0.694731
0.885635 -0.373612 0.041975 0.204777
0.720657 -0.843136 -0.863712 0.355289
0.222659 -0.660422 -0.593487 -0.629748
0.640428 0.146274 0.849427 -0.385204
-0.715698 -0.650448 -0.575823 -0.138381
-0.062012 -0.575022 0.278067 0.193351
0.590811 -0.172547 -0.891645 0.926045
0.448237 0.478329 0.596041 0.652617
-0.143248 -0.285522 -0.981950 -0.962994
-0.797164 -0.547463 0.222452 -0.064936
-0.048753 -0.577415 -0.123170 0.424146
-0.631466 -0.535868 0.866376 0.054053
0.769395 0.613692 -0.737763 0.483518
-0.863915 -0.915732 0.622263 0.753907
0.731474 -0.407186 -0.571394 0.512977
-0.082057 0.166250 -0.795908 -0.284358
-0.931973 -0.864940 -0.909286 -0.603354
0.081133 -0.957762 0.668908 0.523890
0.509741 -0.650634 -0.389003 -0.045399
0.714921 0.020946 0.274567 0.244409
0.938091 -0.949794 0.222890 0.759198
-0.870426 0.635610 -0.809796 0.411976
-0.630170 0.868084 0.353976 0.048523
0.484800 0.506357 -0.327742 -0.661442
-0.356269 -0.973119 -0.508023 0.452079
-0.774076 -0.665416 -0.008312 -0.175780
0.586485 0.007315 0.658745 -0.557866
0.940414 0.673371 -0.821528 0.586918
0.594471 -0.374817 -0.234574 -0.858346
-0.206626 0.507546 -0.198773 -0.652160
-0.475364 -0.501326 -0.598213 0.908043
0.538762 -0.834659 -0.189549 0.089043
0.387532 0.614022 -0.952656 0.234066
-0.868268 0.250216 0.623919 0.594302
0.036524 0.423874 0.678261 -0.026811
-0.571264 -0.694638 0.303120 -0.255843
0.080618 0.277853 -0.391071 -0.067863
-0.740388 0.751126 -0.425033 0.049144
0.767685 0.179934 0.278012 0.244808
0.343279 0.839454 0.789363 -0.238135
0.961557 -0.133122 0.501030 0.588679
0.957277 -0.663563 0.423802 -0.508788
-0.128170 -0.359491 0.014225 0.848079
0.030047 0.808633 0.971798 0.995782
0.019354 -0.448140 0.571696 -0.421590
-0.447533 -0.356028 -0.943245 0.958031
0.738591 0.468869 0.206351 -0.051913
-0.717331 -0.178139 0.825453 0.667697
-0.513014 0.604897 0.135111 0.924739
-0.173914 -0.325314 -0.625964 0.795683
-0.236380 -0.843215 -0.768983 0.288217
0.867604 -0.931097 0.998624 -0.929784
0.657287 0.479529 -0.516997 0.116861
0.625538 -0.769290 -0.567777 -0.352132
-0.510415 -0.340358 -0.080909 -0.617422
-0.218509 0.025960 0.095328 0.697820
0.121405 -0.199369 -0.543836 -0.421821
-0.146231 -0.760101 0.955429 -0.904325
-0.110083 0.090689 0.064610 -0.829671
0.803761 0.865432 0.081338 0.892016
-0.872077 0.021858 0.590865 -0.731359
-0.285060 0.908987 -0.420919 -0.825472
0.434917 0.476272 0.411084 0.314871
0.743300 -0.315118 0.220613 0.923662
0.851967 0.033190 -0.252543 -0.565702
-0.383497 0.122993 0.654242 0.840307
-0.738542 -0.480904 -0.908837 -0.860810
-0.425347 0.168654 -0.717682 0.357408
-0.938132 0.788157 -0.040035 -0.169779
-0.760927 -0.133619 0.041712 0.098321
0.398719 -0.714308 0.477644 0.777598
-0.331101 -0.575315 -0.536893 -0.219117
0.939616 0.832771 -0.991455 -0.073323
-0.845211 -0.658189 -0.190186 -0.810296
-0.425667 0.089926 -0.626363 -0.965297
-0.766834 -0.986739 -0.544224 0.006071
-0.491172 0.189645 -0.775441 0.056606
0.827238 -0.034565 -0.767683 0.484587
-0.251135 -0.115577 -0.590324 0.938671
-0.739051 -0.352946 -0.315003 0.844543
-0.814799 -0.129990 -0.636484 -0.018477
-0.658975 0.669289 0.356747 0.470412
-0.309813 -0.406602 0.589612 -0.204790
0.681140 0.135763 0.493523 -0.551227
0.984796 0.679708 0.589001 -0.695518
0.359834 0.848531 0.263521 -0.342731
-0.112939 -0.104925 0.283370 -0.307736
-0.450714 0.330615 0.421444 0.077908
-0.786093 0.774670 -0.558965 0.530676
-0.325281 -0.543980 0.252604 0.701759
-0.704539 0.971186 -0.205084 -0.301134
0.055707 -0.962481 0.978162 0.890886
-0.040424 -0.348419 0.582802 -0.721161
-0.895291 0.458442 0.950513 0.827571
-0.087275 -0.939305 0.780660 -0.126864
0.128880 0.603939 0.849362 -0.070574
-0.274926 0.485088 0.089409 -0.320077
-0.632902 -0.834109 0.382421 -0.175453
0.663170 -0.582038 -0.494421 -0.678979
-0.933128 0.390963 0.501877 0.876691
-0.268989 0.298211 0.262069 -0.698284
0.686934 0.078310 -0.666217 0.646000
0.277983 0.539093 0.131714 0.255530
0.840255 -0.516197 -0.287867 0.502512
-0.537203 -0.920903 0.832981 -0.126998
-0.821879 -0.084615 0.184152 -0.701428
-0.893323 0.686590 0.636302 0.506507
0.767040 -0.526211 -0.620215 -0.065453
0.754373 0.111067 0.457923 0.020890
0.972724 0.987477 -0.576824 -0.022971
0.615354 -0.066059 -0.093940 -0.135999
0.405687 0.716439 -0.787569 -0.112824
0.881936 0.721942 -0.158268 -0.611626
0.675106 -0.556122 -0.067010 -0.444764
0.381358 0.791309 0.152094 0.533980
-0.199365 0.370302 -0.910656 -0.257086
-0.875153 0.680327 0.713113 0.793913
-0.690090 0.062164 0.811147 0.634979
-0.432171 -0.238966 0.149108 0.924698
0.973659 -0.759025 0.258663 -0.605548
-0.292456 0.279989 -0.788533 -0.087272
-0.868211 -0.372702 0.822446 0.145194
0.238623 -0.677133 -0.907547 0.789231
-0.765156 -0.052593 -0.917744 -0.364315
-0.339733 -0.892633 0.670156 -0.425916
-0.780455 0.159843 -0.744930 0.109962
-0.478877 -0.027076 -0.611286 -0.522088
-0.055184 0.004551 -0.579025 0.906604
-0.072491 0.103210 -0.241900 -0.031329
0.082535 0.807029 -0.339770 0.295821
0.444807 -0.136924 -0.692800 -0.443526
-0.021399 0.733137 -0.297678 0.478934
0.317014 0.250445 0.407934 0.969141
0.611483 -0.014754 0.086873 0.552575
0.996498 -0.225849 0.824877 -0.307373
0.628800 -0.390190 0.280115 -0.925115
0.093607 0.672340 -0.297119 -0.879872
0.423871 -0.466966 -0.744853 -0.506348
-0.523930 0.271791 0.249945 -0.326805
0.057731 -0.908622 0.099809 -0.890453
0.623855 -0.609589 -0.255318 -0.660910
0.930191 -0.957372 -0.300273 0.907131
-0.538783 -0.764299 0.933383 0.868491
0.158436 -0.033300 -0.936309 -0.622352
0.318904 -0.415361 -0.151652 0.419370
-0.483529 -0.784635 0.930120 0.999546
0.672637 0.097961 0.760746 -0.474283
0.879166 -0.931823 -0.166931 0.949391
-0.114089 -0.907643 0.127417 -0.078935
0.033785 0.055211 0.303474 -0.162164
0.916653 -0.852149 -0.619605 -0.180063
-0.126573 0.271007 0.172810 0.545277
-0.101382 0.694343 0.275004 -0.913388
-0.703377 -0.288965 0.181915 -0.477204
0.453970 0.402458 0.937018 0.968749
0.513479 0.214442 0.516614 0.526471
-0.013809 -0.382574 -0.006667 0.044128
0.495898 0.704791 0.652536 -0.732131
0.796159 0.772308 0.840583 0.382805
-0.030721 -0.645809 -0.056214 -0.016020
0.899787 -0.776774 -0.139808 -0.535091
0.552699 -0.512398 -0.124659 0.796132
0.793612 0.396352 -0.210900 0.654331
0.937121 0.349040 -0.817401 0.346998
0.234817 -0.743520 -0.687649 0.916052
0.115404 -0.560584 0.110431 0.342697
-0.814293 -0.640341 0.769590 0.435788
-0.108669 0.588699 -0.965644 -0.243201
-0.027353 -0.858860 0.866292 -0.548005
0.305550 0.315269 0.338387 -0.024654
-0.564417 0.408734 0.002747 0.618745
-0.906713 0.404958 -0.667700 0.541980
0.986356 0.388317 0.118460 -0.848232
-0.952237 0.873052 0.320713 0.815278
0.174217 -0.148170 0.620338 -0.309536
-0.409491 0.813166 -0.252835 -0.816957
-0.554846 -0.266367 -0.388719 -0.859279
0.386515 0.430888 -0.736064 -0.886772
-0.155784 -0.298324 -0.040871 0.158226
0.465670 0.435621 0.961056 -0.679202
-0.432486 -0.028769 -0.218404 -0.852189
-0.463163 -0.013254 0.528166 -0.339395
0.100024 0.136982 0.964106 0.387745
0.187637 -0.739907 -0.684114 0.883490
-0.652341 0.038829 0.526396 -0.144978
-0.769689 0.385609 0.296548 -0.794016
0.323320 0.163734 -0.742083 0.368436
-0.320093 -0.802041 0.731905 0.021487
-0.146590 0.672534 -0.122361 -0.175067
0.728944 0.040827 0.047831 -0.666632
0.036871 -0.481335 -0.908573 0.733065
-0.597224 -0.905768 -0.827212 -0.763328
-0.853096 -0.126938 -0.285744 0.122334
-0.382654 -0.539392 0.102613 0.407868
0.712259 -0.779890 -0.875422 0.299027
-0.348062 0.123156 0.925732 0.745185
-0.971848 -0.340215 0.883725 -0.424688
0.363125 -0.791904 -0.975279 -0.224607
0.666740 0.161615 0.360929 -0.473852
-0.140750 0.505897 -0.731965 0.370938
0.597404 -0.553337 -0.798399 -0.882969
-0.550252 0.343368 0.845971 -0.309558
-0.380603 0.814188 -0.958063 -0.786405
0.022797 0.132427 -0.064281 0.171727
0.432684 0.503764 -0.350404 0.207371
0.701940 0.528119 -0.297759 0.541019
0.702356 -0.086417 -0.161684 -0.419154
0.404588 0.595279 -0.624564 -0.924466
-0.821236 -0.594436 -0.685882 -0.425862
0.154924 0.182115 -0.423835 0.101260
-0.526988 0.878861 0.084078 -0.057177
-0.775473 -0.067461 0.856970 0.868321
-0.062127 0.366435 -0.365038 0.464289
0.018414 -0.662431 -0.632290 0.648086
0.215461 -0.679995 -0.226415 0.549604
-0.777716 0.607122 -0.174122 -0.466630
0.746957 -0.240352 0.371125 0.362141
-0.654059 0.945244 0.831520 -0.347367
-0.656501 -0.132465 -0.179483 -0.946735
-0.400389 -0.808039 0.438834 0.428118
0.499410 0.667631 0.742712 0.030954
0.057501 -0.381719 -0.666554 0.627200
-0.698008 0.804477 0.845217 -0.349181
0.091919 0.675400 0.240296 0.580394
-0.863532 0.769102 -0.852448 -0.270520
0.905290 -0.769143 -0.070265 0.252062
0.322490 -0.354717 0.056506 0.925241
0.022558 -0.064156 0.262654 0.014189
0.891708 0.185507 0.656573 0.828384
-0.065405 0.583619 -0.738883 -0.567690
-0.194435 0.066193 0.322991 -0.483190
-0.543498 0.515094 -0.995587 0.008046
0.983902 0.002448 -0.468299 0.089930
-0.522472 0.560018 -0.163856 -0.564795
0.600720 0.450373 -0.790718 -0.763687
0.158419 0.456435 -0.319371 0.430890
-0.857876 0.313401 0.008054 0.140002
-0.264051 0.470157 0.341090 0.477942
0.696626 0.053556 0.474779 -0.734456
0.728220 -0.196019 0.545433 0.967339
-0.108024 0.121239 -0.412160 -0.841641
0.701704 0.631512 0.356351 0.740318
-0.380998 -0.282479 0.940278 -0.319473
0.813983 -0.180241 0.188618 0.490984
-0.035920 0.220678 0.933810 -0.571014
0.817272 0.571840 -0.368127 0.131871
-0.369810 0.462531 -0.992338 0.115537
0.247633 -0.084415 -0.365364 -0.708095
0.241497 0.309352 0.001046 -0.165105
0.367145 0.417090 -0.574077 0.185822
0.603209 -0.686920 0.331730 0.111703
-0.824222 -0.534033 0.636284 -0.210161
-0.554049 -0.376504 0.960314 0.461611
0.855684 -0.011152 -0.766109 -0.693272
0.226561 -0.534279 -0.649983 0.139318
-0.146022 0.991882 -0.510840 0.916090
0.583293 0.709444 -0.041787 -0.727520
-0.380437 0.078777 -0.079593 0.102764
0.097329 0.364503 0.719667 0.337787
-0.934153 0.561243 0.888983 0.526090
-0.475728 0.391186 0.201984 -0.575096
-0.339769 -0.464381 0.370606 -0.818905
-0.358627 -0.158871 0.994699 -0.433689
-0.808065 0.658529 0.341921 -0.359551
-0.613246 0.371304 0.372543 -0.482616
0.258707 -0.534031 0.635571 0.600851
0.885454 0.891580 0.380859 -0.726423
-0.313760 -0.658902 0.480054 -0.275212
0.276916 -0.146106 -0.515134 -0.674377
0.056713 -0.709377 -0.664708 0.486220
0.993398 -0.578670 -0.105605 -0.757635
0.820717 0.021768 -0.710000 0.724148
-0.164354 0.326156 -0.787808 -0.315651
-0.235455 0.743109 0.365946 -0.998048
-0.062478 0.668899 -0.677373 -0.307214
0.813675 0.856962 0.756076 -0.921528
-0.354903 0.116223 0.466982 0.337239
-0.114630 0.803523 0.211132 0.468810
-0.422022 -0.121259 -0.590063 0.329020
-0.590489 0.897912 -0.675849 0.480639
-0.249494 0.208012 0.105644 0.224784
0.971185 -0.331392 -0.078649 -0.510174
-0.481069 0.758442 -0.459124 -0.208715
-0.432137 -0.629222 0.113576 -0.675752
-0.493910 0.539471 -0.378172 -0.572208
-0.538501 0.809610 0.435813 -0.005415
0.406153 0.769368 -0.195661 -0.528602
-0.702883 0.261734 0.611573 -0.432998
0.411962 -0.145849 -0.081438 -0.002131
0.000262 -0.944253 -0.948547 0.784946
-0.393391 -0.137948 0.878880 0.150944
-0.038646 0.799952 -0.072798 0.117077
0.028951 -0.961386 0.996589 -0.760244
-0.805946 -0.636612 -0.859399 0.256623
0.174288 -0.072746 0.953246 -0.181450
-0.535665 -0.374090 0.182384 -0.593728
0.028025 0.569707 0.820765 -0.956213
0.295895 0.798060 -0.990526 0.795537
0.311047 -0.351689 0.351448 0.364973
-0.817471 0.140762 -0.797054 -0.758316
-0.906858 -0.839644 0.395263 0.230626
0.231016 -0.932358 -0.493253 0.767756
-0.427748 0.535989 0.733056 -0.923525
0.465794 -0.224329 0.149539 -0.802499
0.222658 -0.521229 -0.955898 0.808579
-0.273120 0.110363 -0.294576 0.221901
-0.355364 0.037673 0.219822 -0.591117
-0.321338 -0.131951 -0.588262 -0.779754
-0.482597 -0.019028 0.157975 -0.413624
0.354740 -0.687590 0.069319 0.608296
-0.606576 0.241291 0.789865 -0.960590
-0.337698 0.345801 -0.389297 -0.004916
-0.047105 0.139209 0.734890 -0.512756
-0.972089 0.976648 0.294611 -0.196894
-0.169612 -0.497515 -0.702726 0.607707
-0.046029 0.573521 -0.949526 -0.234178
