-1924 -2252 1698 -1121
-1923 2671 -3431 1184
2814 519 -3563 1926
-373 -2152 1498 2564

-3052 -3371 1288 -30
-1030 -198 -1951 -3504
292 -4089 3044 2683
3966 510 1853 767

-4064 2700 -3441 -3892
178 -3628 -944 1259
-2053 -3740 -1196 2510
460 2788 843 2160

-3173 2489 702 1946
-363 368 3873 1477
615 -2065 1713 1747
637 -2794 -2676 2826

3616 2853 453 491
2603 3888 2384 -880
2219 -1742 993 558
3328 -2533 3786 -35

2269 -2030 586 -691
-881 14 1853 1068
-1489 -2203 -2407 -1046
2406 -2594 -1882 -157

2869 -707 -3705 -2956
-1813 -2225 3744 1988
1236 -2961 -1716 2883
427 555 -2389 -2659

-178 1039 -4078 -1708
-1843 -724 -899 3166
3337 -3897 835 1708
3472 -304 1649 -2937

-2381 -1897 797 3900
-471 -1655 3243 2152
-724 858 -3532 1300
3458 4030 3149 2931

-3731 2056 -1908 -757
-1117 -3191 -645 -2736
3241 -3281 2985 3556
3434 2546 -3000 -2132

604 -1897 -580 -2183
954 3691 2910 -2270
-2699 960 -3373 2412
3108 2933 107 2257

3374 2041 1210 -918
-3156 -227 2667 -2753
-1568 -175 1061 -1789
-2928 -1437 1301 -2815

-637 1072 -2726 3113
3313 4018 621 -2592
-396 -3829 3715 1764
3308 371 250 -3910

-3035 2945 329 -514
3767 -200 736 2739
-2086 -2085 -3955 680
1170 -3344 2415 3313

2655 3628 708 -1872
2185 -1324 1048 1560
-404 763 -1843 2673
879 2413 -1640 -3202

4024 -1393 612 3681
3346 1761 2917 2498
897 2015 3864 -1809
-3626 -950 -3620 -1753

3511 40 2368 -1069
-464 -1814 1164 2448
-1999 1312 -1390 278
298 -3760 3496 3888

4091 55 2516 1686
1730 3298 -1569 4049
-2197 1074 -2378 -943
1834 244 -3412 3989

-1518 2409 -299 -1210
3451 3289 -2419 2167
3849 2127 -741 3499
-1259 901 2027 -950

-2096 2388 1852 -2923
159 2328 2337 -988
-1366 3278 328 -655
-947 -2582 1139 2857

-2021 -3470 -3724 2770
3780 -602 -4070 1499
-2022 380 -81 -1792
409 898 998 2517

-4088 3660 -1319 747
-1091 -1226 -3208 514
-2625 -3852 -174 3869
-811 1441 2277 -1842

-374 3455 -3097 -1941
-3378 -868 622 886
-3261 -2716 -4042 -3140
-605 2106 -553 -2372

-322 1370 1501 3795
1877 -119 -2346 2363
-2734 1038 399 2976
476 1831 -3431 -120

3224 -1481 2549 1117
-3808 -3600 -3427 -738
1853 1215 1485 731
596 -1454 2960 -2061

578 -1627 -2626 1415
-1732 -1612 -3381 -3501
3221 -1838 3580 4095
3737 -3563 -2179 2876

1120 3866 -3573 -3214
1852 -3931 -3738 -512
3881 2627 3493 2570
-462 -2008 -3428 -1585

-1073 -1644 -1088 -3273
564 -3145 2836 85
1719 851 3821 2860
1461 -727 3661 -3547

1386 2110 -2500 -398
1974 -1566 2344 1605
-1530 -66 -306 1717
2839 -1638 2471 -2144

376 3658 -780 3211
3979 -689 1374 1389
1973 406 3027 -63
3007 -3819 3893 1020

-1826 -2596 -2324 3143
-625 187 -259 -1719
-3229 -1035 1456 2802
-3451 3515 203 -2710

-1034 1291 -3000 -2445
-3571 -3609 -3323 -1927
-275 1316 107 3638
-1654 3168 -3016 3557

3075 1481 -1812 -3942
3407 -2049 1616 2959
-111 778 1515 1528
-1257 -3098 2914 -3709

-3628 1439 -731 3104
-3509 -3913 -3698 2610
-2107 544 -1299 -3987
-1630 1206 -994 1990

-2482 682 -3127 -3576
2911 1835 -4045 -1983
236 3081 -942 -1947
4068 -547 4002 1176

369 -2675 -1254 3466
2447 2552 -3331 1772
163 -2616 674 586
-4072 -3768 2966 3398

-100 564 -1796 751
-3206 -689 -782 3530
-296 -2361 2817 -2665
548 -2418 -3096 -2136

1264 2938 47 2331
-2336 319 -3379 3322
2214 -1889 -3926 -205
1527 -1064 3354 -3978

3413 1619 -3555 -2671
858 2624 -656 88
3563 -83 1254 -3213
2061 -1150 821 -593

-710 -1005 2874 -362
2788 3692 -549 1272
1141 -2 -865 3736
3111 -4027 1644 -1016

-2130 -1038 -589 -3401
-1450 -26 1594 -269
-636 3159 2176 1652
-2190 2908 -3837 -530

1801 1787 2029 -1944
-220 -660 -1015 -3402
-3238 -572 -3860 1935
-3020 -52 -3865 3624

776 2616 3955 -3622
2334 3896 852 -2326
825 -1432 1593 -2375
1788 -3509 3700 -1724

3890 3662 -138 464
-2983 2823 3634 -1149
-3386 2439 3051 2304
-3871 -1407 957 -2197

1097 690 -455 -2288
-144 -1291 2813 3465
2045 1422 -632 1786
-2062 476 -785 3849

-692 314 -2716 3694
44 -2606 -3293 3083
-117 3122 -3373 -1083
-4068 -3038 -3564 -1728

-3246 3568 -2865 -476
1386 1259 1998 1147
-3572 1752 -2989 2449
1437 -1497 -3817 -2361

5 -3654 2467 2082
3670 3995 609 370
1236 -3489 422 1913
2160 3106 -1636 -3932

-3904 -3033 3487 -1579
4035 967 -282 1794
-3772 2550 2350 -1686
1852 -2727 -734 -1942

-3402 -3607 -1596 -4034
1344 1899 505 -1265
3423 2140 -981 -2546
-3505 -3485 3604 156

-3278 -3656 -2884 -3374
-3069 -114 980 2450
2466 -2172 -620 -2486
506 -2796 -503 -2994

1917 3237 -186 1046
3246 25 3838 3734
3012 1742 3448 -1962
499 417 -3655 -3341

2317 -2699 -3784 3962
3961 -174 867 -1985
1671 -3131 -3717 2696
-3572 4061 52 1100

-1213 1122 -2094 3188
2844 -360 3798 1430
-1758 2448 1206 -305
244 1336 -2173 -1799

-2784 -1909 -2076 1545
2970 -907 3958 2751
-1195 -1778 -1694 3152
1085 -780 -3197 -104

1681 1483 41 -48
-303 -3661 2559 2499
1348 3421 -317 -3242
3205 1999 2985 -2614

277 -3134 4015 2642
-3815 3011 -2594 463
1216 -323 2190 -566
-4045 -1392 -1393 2038

-3877 -1550 -1855 -3674
-4 769 -4074 -2379
2390 3456 -3120 2826
1079 -2262 -2760 2778

2348 -3128 3580 -3778
865 -2325 -3982 1775
-3821 478 183 -271
2626 -4075 1640 3047

3806 2602 -1170 2248
-1655 3675 3986 -1273
-132 -883 529 2203
-1285 -2688 1364 -3133

-3513 -3286 695 2998
-3459 -1162 -124 -2733
-1169 -3279 -3320 -153
-2465 -2198 2967 1275

3024 439 -3230 2280
-685 1039 2484 -3732
2195 3753 1851 1830
-2021 3422 -3004 -3200

-3724 2458 -3255 2
3118 -882 2774 -3262
-2500 -1997 -4039 -1605
-83 -3743 1181 752

1633 -2527 -1051 -999
-3529 1051 -1 912
3755 -3992 2125 -1480
1991 2408 2843 2591

-2822 3928 -3851 -3454
-2560 -864 1875 -438
-3692 298 -4091 3077
3561 -3086 3927 -2930

4055 -497 -349 1332
2047 -2681 904 2906
1024 -2573 549 -1414
-1185 2781 -2453 2535

-267 3846 -2164 1089
3361 -1760 905 -492
3301 3780 -2243 437
-2836 993 3597 2984

-135 392 864 -614
3217 -3560 -61 774
-379 -3349 2172 3853
-2728 -816 254 -3135

-3900 2636 -670 1899
-1806 -2558 1842 3664
1377 1238 -3075 3573
83 -498 1123 -1316

2336 2032 -2676 3432
823 325 1954 1063
-3321 3567 -381 -4004
1022 12 671 -1627

-597 3651 -1569 2166
-1816 3201 3012 -1311
1002 -1123 -3320 -2436
3305 115 735 -1319

175 -132 1783 -3109
2194 3508 -484 1841
3904 -1947 -3215 -3795
1600 -353 3608 -1285

681 760 -3225 -2960
1749 1918 -1984 2900
-1613 3078 -554 -771
1729 -1252 1032 -823

-3944 3097 -1528 -2361
-849 -848 1760 -3668
-1499 -3102 -2424 -1890
618 3578 778 -885

-2433 -1885 -1729 -2984
2084 1850 -606 798
-319 -1762 -147 4069
-4008 1624 2510 2742

778 3482 3961 4075
419 -580 -1355 -1235
2732 3418 -4084 -2886
1370 514 1672 2661

720 515 3398 990
-3048 -1989 -1220 -2883
1607 -1769 -373 1256
-3673 502 -2217 2866

1515 -3635 -3450 -1240
898 -3714 1781 -1987
-2168 2635 1155 -633
2994 1536 3074 917

-2701 -3293 612 1356
-135 -1282 -2515 -3366
813 -1527 722 -2338
1510 -547 -258 -3961

3951 -3948 3612 1110
-3361 -1978 -2448 205
-1656 3393 -176 3507
-2822 3789 -3595 -1866

2077 4068 2608 1052
970 -1094 785 -1674
2164 -2749 4002 -1591
-1987 2556 -2537 -2960

2702 -2265 4046 -1022
594 1473 -801 -719
3883 3823 -3492 -3130
-3137 -1581 -20 -3636

1940 694 2192 1204
-2235 3158 -3400 -1849
-1039 -1405 -411 3535
-1316 -1018 -865 -900

-2725 -2836 483 1688
-2736 3514 1584 3474
-1734 3953 -2036 -2258
1393 -2246 -1527 3211

2334 2789 345 2482
-3329 196 -601 -3067
-365 1879 2483 -539
4082 3448 664 2076

-2776 -2349 -254 -1874
102 -1485 312 3562
848 -976 -1192 -1072
-4067 -2004 3166 -1820

-1982 2943 -3070 -806
1116 3108 -4017 -2344
3393 2003 -1474 661
-3212 -3501 2372 2750

-1892 1265 3831 3255
-2469 -2861 -2527 -2936
1237 1997 -1052 3895
2278 -2496 1296 -90

4024 1322 294 3046
142 -3205 1935 3215
3241 633 -3493 -277
1785 3440 -552 -1429

-2684 -3002 2671 2548
-953 489 -3439 1076
-3633 -2178 1821 -3806
-1717 2048 3221 -3503

-3832 -247 -375 -2605
-2177 2490 -2834 -3313
-3895 345 -1716 3128
3538 -407 844 1485

443 -3294 1238 -2532
-143 -1897 -3898 1149
1869 -3075 1862 281
2732 3421 -2598 -871

-3262 2064 -801 1498
-2246 250 3850 -2583
-1113 -1934 -3286 3598
-708 -212 -3287 -3625

2312 -686 -2207 -1698
-1238 -1972 3219 1491
-4022 -2429 2877 974
2361 3522 2550 -336

3253 959 -1070 2041
868 -3520 2248 2758
2396 2790 1322 2036
3589 2030 171 -1562

-1560 -4009 -719 -2210
287 -1794 -1445 -3737
1339 -2204 -1529 -1392
-374 740 1898 -2764

-468 -3899 981 -717
-2093 -3346 -3223 -3427
4036 -2257 -1810 -2302
643 658 3210 -751

3435 1844 3506 -2035
-793 3316 2022 -2745
1846 434 564 -230
-2737 202 -2278 118

2093 -2792 3157 22
2516 -1390 -1610 -745
-3061 2412 1392 1790
3477 -845 -3269 -3848

3860 1072 -1223 3906
-1170 -3343 761 -1810
2270 -854 -1009 957
-3876 1521 -1260 -588

-4090 2170 -2065 -1753
3983 1778 -476 2185
1567 -1308 -3365 1421
1049 882 -587 191

-3238 2355 -2891 -894
-3223 -4088 -754 3752
355 -269 3079 -3207
-2179 569 2633 3276

-984 296 -1285 3662
-3374 -1319 -1088 3497
1657 1673 -3030 -1015
2294 -620 -3752 -1320

441 -1901 -1137 -245
-3849 -2590 -3504 -2260
2968 912 1946 2736
-1475 -47 -880 -55

-3717 3886 2355 144
243 1778 -928 -3131
2677 -3921 3926 -3002
-1872 2379 881 -3007

2837 3708 -3485 993
2461 -1462 -3007 2665
2455 2635 -2858 558
1477 -1705 -1290 -2719

-1959 52 2432 -2781
-2158 -3089 1627 -2474
-3507 2927 -1080 295
-3771 -2366 1616 1000

3749 -364 3718 -233
1082 -29 -3483 2757
2364 -670 -1721 2360
970 2585 1281 1880

-2727 1237 4010 3553
3443 -2588 -3858 1042
1459 2173 1213 -549
2985 -2665 -881 -1344

45 -999 -1213 -96
-2530 1354 -2476 3092
-3063 817 388 -3848
1946 2899 3736 -767

-456 3911 2165 -321
-3390 1851 1412 204
1445 1459 -3557 561
-729 -3158 3971 -2923

120 -2917 -1214 1986
-2745 3906 -3692 -1749
-1068 3901 259 -504
1810 3813 -2846 -4032

-73 1997 -723 -947
-2754 3820 2985 1246
-2262 1787 -2246 2333
-3591 3437 1867 1640

3453 -861 1186 -305
-2996 3114 -2391 3620
2570 3510 2551 2683
1584 -850 -4088 1520

3256 2121 -1196 -673
-1572 1423 2716 3201
277 1629 1498 -2433
547 597 -1425 -72

-4055 1916 3536 3826
-1187 1540 -262 1349
3064 -1106 269 1382
1608 1985 1751 952

-1610 3960 3293 -3447
-3836 2718 -674 -1864
-3643 -783 -2830 -1384
-3692 2654 -1311 -2050

-3448 1815 -3160 355
-3522 2222 -1376 -558
2255 -3150 -1064 3933
3969 -1858 3488 2793

-1076 -1106 2867 -722
-3349 3532 744 -1121
3030 -1662 -2416 1207
-487 3094 3155 -668

84 4054 -3572 3356
1473 1294 3146 -2006
-1762 1860 -4081 402
-2720 2855 -1155 2036

3415 233 1140 2944
-1067 -2740 3558 -693
-3715 1798 1480 1532
3790 -1407 -407 503

-1257 -3981 2465 1377
-919 1989 1649 -898
3402 -2982 -3955 2240
3646 1702 -1457 -1825

4092 3228 -720 1675
1584 -1778 -412 1846
-1717 343 916 443
-304 1844 -3795 2952

1209 1959 886 -3798
-3248 3347 2244 -1743
1552 -3011 2469 -810
128 -613 -743 2022

2024 1343 3857 -1462
724 2476 1923 -414
-248 1286 -3995 -977
1002 -1264 2262 -3806

3781 -1274 -917 -449
-3612 -2989 2719 -3453
1083 -3946 -305 -3367
-1922 -14 -2306 -2267

2598 3726 -2999 -2045
-3418 -873 -2560 2258
3579 -1917 1608 1858
2225 -3006 -297 -2764

3314 2385 -2357 -2258
-1713 2491 -283 -1926
-3488 738 -3668 3602
2362 2897 3399 3273

-3803 2824 -1528 2778
-1485 453 1418 3524
3414 3319 -2869 1302
696 3864 1460 1766

-3766 -2358 3245 -1944
927 -687 -948 1460
-498 652 2064 -3143
-3809 -3178 78 -4042

-1486 -233 1351 164
2464 3972 -3856 521
2512 747 -3396 451
4023 1114 -2065 1367

590 1352 2115 3326
-3514 -1235 -1016 2184
2482 -677 -3148 2170
3473 1059 -2139 -2527

-2557 1450 2020 2623
1648 -2582 3287 1119
-164 3605 895 1686
262 3892 1225 2287

1171 -1352 1911 3121
1688 -1045 1975 -2552
1098 -366 3483 -3303
2127 2175 1946 238

726 -2070 1676 3427
-1034 3646 3120 -1830
-3603 1445 898 1942
-3298 1870 3859 -4059

2884 1035 -2739 -2322
1781 3769 2531 1081
-3324 2380 45 -490
1794 3526 1773 -813

-1890 -921 2526 123
-3004 -1917 -2616 2836
-1707 612 -2935 3059
2470 2231 2773 -615

-4049 1629 1041 2837
-3446 -639 -3407 2881
-3674 3603 -1972 1954
-1066 1220 2881 1081

-3137 1464 4046 -3382
-32 921 630 2167
-3252 -1922 -4041 1906
2720 541 1220 -3285

81 -2096 8 4095
3650 1203 3058 3471
1504 3744 1316 629
-3901 493 1272 630

-3193 2832 -3625 -2503
-3207 2896 -2453 349
1808 -1973 2216 1706
3528 908 -2611 -1599

1990 -1598 -2667 -2813
-1884 -3060 2291 -3348
-2541 -1572 -2196 2538
-1541 1587 784 -3682

-1682 -741 1377 1271
-557 3850 1808 152
-1336 3190 1732 1760
1006 35 -3094 -2867

886 -2501 -2941 1797
-2033 2022 1030 1994
1346 448 3580 -1683
3935 -1691 1931 1668

-2017 2182 -467 -661
-2608 1043 240 1979
-1332 -1981 3957 3466
3219 -2344 -3154 1530

-3261 -3041 -1892 -2512
2089 3510 2409 874
3311 798 3578 3393
2475 2635 -257 503

1218 -1743 -896 3207
-2306 3319 -910 503
2600 -2277 47 -1218
-2832 3658 -1115 -3964

1140 3771 -1461 2584
-989 4087 -1188 3701
-2067 -2537 405 -3749
-1795 -3146 -411 1984

-1311 3062 -2808 3175
831 72 -3041 -2629
-232 -3454 -4054 -3215
2035 1109 -819 -627

-3179 -2785 185 2703
-414 3666 1771 -2943
2388 -1719 -2271 -2248
3451 1934 43 61

-560 -2232 -836 -699
1162 2743 3125 2774
1549 -3893 879 -3594
2222 3734 3507 2800

3123 2423 1164 -1478
-1370 3609 -3130 541
3057 3622 -390 -3312
454 1998 695 -2380

-2646 -256 2206 630
3841 3340 -559 2545
923 -3878 -1225 -567
-909 -3071 1475 2098

556 676 170 -1143
-3664 -1626 -2546 -1130
2081 1903 -3694 2734
-1200 2463 -3930 -3372

-1993 2959 -4080 720
-1522 -455 3415 2824
2090 -658 -1055 1907
3030 -153 1226 1420

-2693 -2588 -3208 2248
169 -3754 -705 2844
-1115 345 737 2211
3973 -389 -1531 -2560

350 162 3183 -1989
-3698 2157 1299 -4026
3117 -56 2937 2411
-2701 -2009 1391 3254

2648 636 -3996 3847
921 -2989 -2265 226
3113 -768 -3113 844
-2167 -2321 -1369 -3736

-3664 429 -452 -2130
-3370 -3671 -2144 -46
789 2371 -3583 -2230
2442 -1279 2766 740

2489 823 -2019 -1565
907 -2323 1006 -1987
1765 -2881 -646 4073
2092 -1797 -387 662

2701 -1069 377 887
3353 -1228 3475 3302
-1683 1993 372 -41
3041 -559 2418 2631

-2707 -115 -466 -1041
-1302 -1872 -1188 2217
-2522 208 -239 2359
165 2266 -75 -2879

-3866 601 -459 1986
-1577 2398 -3900 3581
-1518 2104 1616 -3974
-1941 -3043 -313 1597

1543 2549 -3544 -64
-1414 3703 2086 -2544
1645 -1236 -459 -311
-2904 3468 -1639 -96

-3362 -507 -3422 -3370
1478 1109 2607 -1808
1823 1782 2413 -3539
-3805 3938 791 -3763

3542 56 -2055 -3653
-56 -3939 2302 128
-2736 3336 -1352 -3940
-2225 -1503 -3430 561

-763 -3394 299 2441
-3558 -1556 2810 -3873
-2970 253 3 -2625
-3319 -1640 -1139 2523

-224 1982 3853 1862
-4009 -507 -1846 921
-985 1931 3223 1596
375 -1804 -2904 -2764

3476 -12 3312 2633
-2330 466 -2524 -990
2877 2428 3251 1440
4003 -1408 -64 2601

-2160 -320 1938 1626
-3654 -533 -1177 -3961
-502 -2571 -3718 -1866
-135 -3128 3424 2027

-1540 -2179 -2130 2547
-4070 2241 -1005 2697
-3209 -2616 -2841 212
3942 -3051 -3739 2418

-2084 2723 280 2876
3221 -812 767 -1869
2469 332 -1286 -1353
758 -490 -2218 -2227

2096 670 -2296 -2630
-709 1521 3955 457
1594 -1881 491 1702
-910 2215 -1762 -1208

2153 -2463 -2009 2048
4086 932 3614 1477
-642 -353 1424 2268
-815 -1666 -2870 -1019

2458 -991 3585 -677
-1458 386 -2244 2609
-3516 3821 2385 777
662 -2392 3219 4031

1002 1951 3796 -838
2623 3600 -2215 -3702
3022 3290 -338 3945
64 -2321 -1619 1072

1448 790 -963 -546
147 3918 -1966 -3373
-2480 3576 -2390 778
-3198 2661 1170 2453

-1065 310 1665 3877
-169 -2723 -916 3418
744 -182 -506 -3639
2100 -1811 -3692 -3226

1040 2912 -45 1554
4050 -283 2693 3695
2724 3815 -3527 454
-2057 -954 3758 -2428

-1149 -1118 692 6
-2908 876 2235 3372
-3872 -1521 -2733 -1404
3446 1826 -335 -2227

-505 2346 -3103 2641
-535 -2728 -48 2261
1983 2533 -2699 2652
-1226 3602 -3187 -262

-2451 -3791 2045 2862
-3019 -2506 -45 -17
-367 3579 -2347 -185
-2013 -1172 -824 2837

-908 2361 -827 -1761
-3235 389 -2410 2452
3997 -3961 -3749 811
-491 2586 -581 3668

615 -3075 1728 1714
-3390 1922 3075 1589
-3226 -2606 189 -1864
-2599 -3987 -3117 3329

-1538 712 331 1118
3244 3736 2766 -1846
1503 -4012 -132 -1364
652 1044 -2099 915

-2309 -3199 -2459 3998
-982 -1416 423 1460
-2352 271 -1840 -1980
2791 575 3389 -459

2278 3785 -3793 3712
-448 -3951 2198 1727
-427 -2347 2311 -3173
-1362 -1250 -3817 -3896

-578 -569 -1209 2410
-1821 1563 3829 1664
4059 14 -1671 3205
-2196 -3893 3065 2023

2492 3994 227 -1983
-3647 -1456 -2384 -3284
1136 2505 1740 -1476
-1863 2320 1435 -2833

-3417 3120 554 -428
1183 -1253 3287 -1095
-908 -2124 1769 -1875
1725 2791 -3864 289

-1752 2926 2426 -3615
-517 -2145 -3094 -2823
-900 -8 1365 -585
-3793 -224 325 395

-1845 2253 -1782 1145
-531 3668 1003 3720
337 -2944 2096 3122
-3467 2561 63 2576

811 2088 -2537 778
3562 -1540 3677 -1628
-1936 1051 -3637 3402
1918 -1793 125 817

1607 -1457 -538 2472
3293 -2029 -1881 2160
3352 942 1081 -1777
-1917 2894 3260 2889

3362 2033 -334 648
-3850 3433 2667 2724
452 1987 2353 3108
2360 -673 2541 -2535

2637 -2623 164 757
-3584 -1129 1373 3786
1852 4073 -2039 15
-2262 -4039 -386 -338

-3452 2052 3922 -2527
-1315 2413 -983 1953
-2902 3679 -1552 -1166
2174 1087 2233 -1555

-3168 463 -766 -2963
2667 151 3959 -72
-1778 1033 1261 3887
2681 -1009 -1230 -1443

3033 -563 3037 -2690
-1197 -1827 1305 -2877
-3564 1858 3095 -3080
1931 -3968 2868 -3503

-3530 467 2163 1727
-3988 -3599 -3857 -3088
1282 -4024 -4085 -2429
-2295 2714 -759 615

-672 -545 -3792 -2885
-1252 2741 2240 -3903
2700 797 1308 -1213
208 -1884 -1124 -1587

3348 -936 1924 1893
-197 -3972 -1682 -2871
3191 -2429 -1276 2930
412 -624 -2725 -2944

3898 916 -3096 -3718
285 -938 2838 -260
-2398 2528 3643 -3797
-1131 -3734 2370 -3127

-304 -3792 1191 315
-2529 -2472 -3186 2623
2140 -4017 1473 -1105
-2687 -3922 2960 1277

76 -1043 -3929 -635
-2467 3789 1310 2767
-1080 -2247 2405 2000
3200 4048 -202 2865

-3765 -1195 1727 2070
474 416 3999 3452
541 -2931 3199 2499
1513 4076 -341 1418

-2634 -2847 1385 -2418
-311 -3446 716 -1354
3929 3847 2101 3648
-3735 -3006 1543 -3978

1697 -2138 3060 3889
-3672 -3199 3631 3471
-2295 1844 2274 529
264 360 -1913 -2282

-1262 -234 -1238 3423
909 -1966 -2513 -3629
-748 -4091 -2831 516
434 -3922 -890 2693

-3541 -853 -723 -2916
2586 -3105 -3144 -1503
-1985 2669 1509 -3879
-1108 -64 -3928 -3768

170 -1425 -640 -921
717 2042 -892 -2895
2570 -1612 3547 2089
728 -142 -88 3465

-1646 139 444 3256
-3322 518 -2595 2622
523 3992 3692 -3619
-2719 864 1933 -1819

-2507 -1347 2125 998
377 -767 -2358 2450
-106 851 235 424
2547 2182 -2535 195

729 -1970 1624 516
3992 2184 3927 1636
-802 -789 2326 -155
2951 -3601 -286 -2210

2890 535 1111 -2057
-1926 496 -462 1940
3006 1478 3502 2271
-821 -1654 -266 2861

2807 -3963 3384 50
-1854 77 3212 3236
-3505 -3840 3316 -1497
2156 -3766 72 -757

1513 1853 311 1130
3306 -821 1939 3697
-1967 2970 3847 474
-3201 2571 -3084 1557

-2320 -3339 2050 -3579
-712 -1220 -2040 -3237
1213 -1053 -2151 -70
1255 471 1794 1447

311 -396 -850 43
-2843 17 -2973 3311
3356 -3255 -3450 2515
750 2616 3078 909

-2124 -1234 -3421 -937
-3650 2757 -2866 -3594
-2858 -2035 1012 2889
2493 -3960 -3567 -1898

-3027 3295 3406 2528
1619 -3182 -780 2818
-935 -664 3022 -2163
3886 3614 3557 4095

3781 1012 -1703 439
-141 2786 -2312 -2971
-146 -1845 -2821 -1726
-1755 -3661 -1879 2453

-2880 214 -3507 3124
-3569 3314 -2808 2910
-3935 836 2577 2340
-252 -3078 -4053 2895

-3918 1254 -3418 -2097
676 2260 -1472 -3494
3746 2035 -10 -1568
-667 2406 -2248 329

-2922 -3244 -893 1004
3030 1472 3543 -1612
3155 -1545 -3391 1958
-1005 3716 -3619 2643

3830 3071 -781 -1604
-1800 764 1541 1046
840 936 -1071 3638
2305 -3041 1606 1468

-2370 -48 -1348 3643
-1342 -1214 634 1160
3888 -2704 -2287 435
-4 3225 3368 -3182

-1756 -2516 -1686 1285
3485 -615 3263 441
-2837 -2079 -1711 -1290
1160 796 -758 -1331

-4091 1681 3646 -1756
-196 282 3802 13
-3461 -2714 12 -2444
1386 1596 -3663 1194

-3002 299 -1265 2015
2883 3530 -627 -329
-1603 -3507 2086 2307
-3828 -3870 859 -2394

138 3019 -923 -2507
-2414 3244 1231 -3833
-768 -3222 -1756 2541
2378 -2862 -1994 -2666

336 2503 -3537 -3133
-2401 615 157 -2380
890 3897 -1609 -522
1016 -2919 -898 -3879

1338 -2369 -674 797
3905 1984 -929 -3595
-3072 3780 -1808 681
-2987 3386 -4079 24

-4027 103 2988 -248
-1141 -1790 1534 -3344
321 1752 618 3289
2087 -1924 885 1940

-3555 -1728 1483 -2139
-970 2920 -2211 1723
1087 -1254 -2761 2492
-3650 -970 1465 -306

152 -1689 177 2522
-2129 -3438 1933 3841
1061 3620 1756 -3840
1737 3488 2932 2230

-2763 -452 -1438 183
546 -3881 -3904 -3468
-364 -2897 1649 -1253
-3968 -2582 -308 -755

3698 631 2872 3700
-2460 1618 2594 1466
-2331 -3261 -3876 -1261
1509 -3495 -2531 2899

-1546 3869 3607 1650
2701 -757 -2068 -3650
2991 2986 377 2495
-3002 -2559 -723 3827

-3906 -3824 -3023 3398
3197 3308 3845 2684
-1171 3718 -2469 -3692
-3814 -2587 2403 623

2279 -1357 3199 1220
508 2043 -1279 -2518
2121 868 -1081 -2161
767 2236 -3903 3228

-1925 -3094 -831 -3996
-2177 -1808 1417 699
-2004 -1805 -695 802
346 167 -3334 -3992

783 -4030 1151 -3579
2900 -2533 3701 2282
2726 4047 3974 -953
-3984 232 1626 3528

-2667 -962 -3663 2376
702 -991 -1997 -1613
-695 -1242 1904 -1272
-543 -802 2945 -1128

-553 187 -3519 -605
3743 2760 -1925 -3470
-3251 -2459 3905 -3392
-1322 -2405 2676 -3945

-884 -1514 -823 -1919
573 1964 -3251 -3856
-424 1510 -4077 3820
-3111 3570 -1566 -535

-4070 -3066 1493 2239
-3893 1058 2161 -3314
-2225 4022 1932 2841
2515 3394 3346 -1241

-3655 3816 -2204 -2732
1912 -16 -3636 2261
1084 1878 2329 145
-1817 -2790 1064 -3559

-3821 921 3853 -1387
-2693 1510 -262 3365
-3180 2459 -2308 298
-192 -2773 1116 2885

2230 3874 2520 3535
-3617 732 -3794 -2247
-1631 -2027 1289 2433
4074 3651 -3734 662

-1949 -1733 -1573 2448
1761 3026 975 4038
2058 -2035 -2873 -4022
1876 -358 -2526 3887

2066 917 1732 -2728
1500 -874 -1758 3840
-2648 -1838 3964 -65
-1106 -3724 395 -263

1065 -1385 1238 1106
1261 87 -3726 -5
1611 -3082 -1656 4069
2612 -3940 -1945 741

-1157 -842 -3614 2255
-1372 -771 620 -1508
-2125 2042 1676 3501
1906 -2467 -1305 -3686

-2503 717 -2067 438
-2177 -80 86 7
-1389 -1277 -3162 890
-1329 -3196 2707 -2888

2357 -1146 -3645 911
-604 744 1441 786
-461 3718 2986 1367
1576 -542 2379 -2705

2949 -1136 -3274 1509
-3487 990 -32 -2733
-589 953 769 3886
-3157 -1099 2466 -854

2820 518 -134 755
2033 -930 1586 3782
738 2944 1441 -1066
-3346 1775 -882 486

-1961 899 417 909
1285 -3653 -4052 -3263
343 283 -188 3634
1726 3432 1010 2005

1250 3704 4048 -2242
3917 -1957 -628 3211
3540 3787 -325 886
1308 -3249 1696 -2130

1451 2776 3928 1724
-1110 22 -3488 1103
3412 1435 2438 -1676
-2965 2426 -1285 1986

3697 -993 -3980 -578
-3445 -2865 366 -3453
-3042 -665 3640 -132
3642 572 2815 3085

-3448 -1925 -4024 1438
4070 -1483 -2946 -3335
-1118 -3843 3244 -3298
2857 2119 1405 1571

-3415 -2115 -638 -2756
-1023 2563 1424 1293
-3794 -1374 1031 -619
-2114 1912 -3211 -2625

3244 -772 -2374 896
-1239 784 -2534 3178
-1928 -1871 693 -2995
-3212 -565 -2138 525

-1621 -3249 1532 3234
239 3250 -2496 697
3917 -3381 3128 3695
-1211 2825 -1106 -1807

-3450 1237 3323 -43
-1390 -95 -2713 -1473
2005 2002 -332 1495
-677 2064 2359 -906

3325 -1730 -3044 -2529
-3964 2377 -3204 -610
-222 1120 -353 1960
-2377 3007 2809 -2174

2175 -2134 -1724 3763
1051 -1111 -1467 3255
-3538 2268 301 -3244
2690 -757 -2898 -4093

19 173 -3809 3457
-197 -2400 2680 131
-100 -1766 -3962 -1002
-3277 -1071 2043 4087

2910 991 -1761 3458
534 -2590 -4084 -1719
-291 1614 -908 -197
-3708 559 1183 -936

-1843 2105 3419 -580
-3997 -1161 -2651 -985
2673 116 -1920 -970
1755 -3356 3757 1690

-2195 3821 980 2307
-2765 1823 -3971 2439
3046 3336 1144 3334
2066 2845 2123 3829

3295 -2932 2197 1439
-3480 939 4035 -3978
-2329 -2088 -3393 -1025
-502 -3228 2087 -636

137 -4068 2131 -3744
-879 2942 21 1735
11 -3464 -2153 -1204
-2102 -3006 -2575 -3316

445 3767 1075 -3872
-1946 3610 1346 -622
-368 -1190 3549 -617
3469 983 3559 689

-782 -2802 -2385 696
438 -2753 475 -243
2709 -1965 -2845 3797
-1755 -3581 546 1271

2478 -2371 -2049 -434
816 -1775 -1562 -444
-3731 2729 -1434 648
6 1910 -502 -1301

-3241 -2493 958 -646
-652 1713 -2774 3121
-238 -2357 606 -2137
2326 -3374 485 -4040

-2017 -2578 2551 3388
1502 3150 -1022 3478
662 -3736 971 3636
-1440 -1260 1987 3380

272 -1638 873 -3067
953 488 1819 -633
2351 2176 3027 -2790
-526 -3435 -101 4031

-2342 -275 1224 497
-4037 -1003 779 2747
2456 3455 795 3894
3183 3584 3702 -1431

3845 2470 -193 -2951
-407 3456 -3175 -1673
848 1792 -1150 3512
-128 -1569 1544 3205

-1595 -1674 -2443 -1314
-4045 -2945 2844 1286
978 -2170 -3437 -595
2052 -3017 102 153

-3754 2140 490 -2863
2517 -3758 -2976 923
-1054 1527 -3706 -2644
-2988 3679 3741 998

-3314 944 223 1151
3612 1401 -1856 3461
-3921 -278 -3181 -1441
-2414 3050 4000 3642

3947 108 -2405 1638
-2271 1065 -1518 -1175
-2314 3935 -832 -77
296 -1478 -1424 -610

-95 -3560 3798 618
1752 -509 -1086 -3767
-1743 1003 -2494 -3370
3163 3919 1224 2645

2252 -3718 -1862 -1420
1050 -230 -3444 3254
1562 2206 257 3792
-2374 1354 -2900 2057

-24 -1337 1584 624
-2855 -3936 -726 -3724
1742 -547 -1061 -2174
-2170 3596 3105 -2291

332 -592 -2917 -1199
-1010 -3068 830 -1266
-1851 -2708 -3534 -1734
-2842 905 -741 -1962

877 -398 -2831 -1717
3708 -982 -3402 -2737
1048 -1747 323 91
-4073 2989 1184 -476

668 1006 -2591 166
-3137 2124 -1838 -2199
1653 3786 3655 -3084
3607 288 529 -2762

3577 -799 1580 -1286
-3890 -727 1171 2682
2961 3708 -1494 1379
3480 -3801 790 875

-3993 3916 -254 3804
-1358 -1326 -471 -489
952 1806 -256 3200
-842 99 2991 -2106

-1045 -3307 2256 -113
-720 1047 -3312 2962
-134 -655 3894 2140
-349 3650 -2991 3645

1983 3669 -2807 966
-1120 1637 3288 -1722
3389 1263 1843 -799
520 -3310 -1221 -2178

-3338 2644 -1346 -1724
-253 -3288 -2447 3737
727 -54 1495 3735
1271 3741 -1434 -3953

-557 -800 -311 -2050
-2692 -2648 -2421 1596
-46 1502 -2776 -2167
389 -3372 -1032 3293

-1345 -1225 -3866 2098
-31 2345 -4022 -433
2908 3803 -2646 2689
2114 3104 -2518 3773

2656 -2888 -1879 -1866
-2199 1528 2845 -228
1973 2358 3338 -2425
-441 -2286 2704 -3087

3455 2383 -1438 -3929
-3636 1724 -1276 -1552
-869 1323 -1526 2577
-1577 -438 1949 -2017

1695 -1827 899 -2956
2380 -1720 -1374 3814
3409 885 -1946 1300
3147 1103 390 -2000

-1016 -2080 -3182 -1168
877 972 4041 -3254
-3672 -1378 -1045 -2062
944 -2803 -1336 -3620

2800 2861 3337 -978
-202 -1613 1706 1671
-2358 3505 -3782 -597
1118 -3298 3566 -972

929 -2581 -3162 1548
-4065 224 -914 3335
3562 489 2657 -2975
-3930 -2960 -1362 -530

-2278 149 -3517 3994
-601 2766 -1500 3016
-170 -911 4052 -1194
2066 666 3653 1395

1585 -3210 2888 1790
2514 1666 1338 -869
-3240 -430 -1476 -1458
-23 -197 3332 -2230

-3453 -3752 -3675 -2429
-1077 2692 867 -949
-153 3762 -2941 1636
1238 -336 407 3811

-249 1975 -2767 3536
1893 -2623 1953 -2267
-1558 2403 2188 -21
-1333 1087 1161 913

3915 -1118 1195 -2039
5 -1769 -2122 4016
1992 236 3503 -1252
-561 -3775 -3001 291

-2304 -1166 -3221 -312
-2922 2520 -1205 2849
2424 183 453 -3985
-397 1648 -1845 -1159

-3458 -3164 1327 3455
-3822 -1474 -3411 1738
-3964 19 -831 3789
309 621 47 1758

719 1717 2575 -2302
2459 2143 1418 3619
2730 3522 -2970 -242
660 1497 1661 -2412

1704 -2699 2692 -2218
-2265 -2494 -3539 2768
-3297 -1100 1811 -1369
-2074 -3217 2431 1452

221 -2125 2717 -3521
-3236 -2452 -2441 -389
2230 2123 -2721 -2638
3183 -358 3647 -538

1764 -1461 1156 2513
-3804 -946 915 281
-534 -2829 -931 1807
3679 3309 -3947 -4028

392 3539 -2009 159
-1739 -593 -2736 -1353
-614 3499 -2101 3849
3773 2585 2800 775

3588 249 -405 1071
58 643 -2116 -2603
1182 -446 -594 1435
-2816 -403 -2402 2622

-2192 -1247 -2507 3912
343 3059 -2451 2004
-1304 818 3064 1491
-912 197 1954 -1433

-3604 -51 2148 137
1974 1475 -1976 650
2935 -1099 1727 2081
2629 2091 -885 3386

2051 -451 1952 3498
1458 1908 -324 -3532
-812 1926 -1229 -1651
1565 164 1740 -444

1003 410 -3377 -586
3681 -2279 -110 1116
2071 -3612 -1381 99
3449 -2198 1512 -3573

1129 -3913 -4020 3831
-2536 -3562 -1660 3819
264 -2311 701 -317
654 2373 -211 59

-1538 -278 3128 -3739
1492 1792 -842 1081
-358 -2987 1724 266
533 -698 829 -1859

1515 -4078 -3693 -4057
2359 -1083 -4 2127
3886 -483 -2474 -835
-1468 -3807 -570 3380

3587 1569 2816 3050
1147 3744 -3267 -3936
-4087 -3817 -52 -555
164 1832 1268 -3547

-2916 -2771 -327 -1184
-3517 2907 -414 -608
1538 2068 3722 -3735
2092 -1120 -107 -3704

2273 567 -1425 -1142
3376 78 -2121 2380
2429 -3141 3225 -2942
2114 -2640 472 -3982

4054 -1566 568 1190
-2014 -2132 3942 3981
3944 2133 2713 -487
-282 -668 1197 987

-110 -2445 -2610 2685
-3783 2554 3020 2074
-196 3586 -2595 2193
90 1771 -2635 3230

-2412 3866 -2410 1626
-3387 205 3918 -3048
3817 3482 -4090 2161
-1603 1384 1872 -880

3002 536 3110 3058
2736 4018 3320 -1513
2750 -2967 789 -1825
-3518 3914 -1807 3425

-572 -2437 -285 145
3985 -2674 2140 3143
1589 485 -2948 -2830
-95 2765 884 -496

1779 -2515 494 2403
-3852 814 3028 -2126
-1837 1764 -1427 -2301
-2066 -705 -362 889

-500 1565 2964 -3405
-640 -1395 2720 2877
-922 74 1100 2912
-990 3907 797 -2222

-2452 1364 31 2643
1021 -1721 -3567 2178
-298 2745 2983 -536
-2414 353 -3770 1976

3663 1291 -1726 3150
-1950 -457 3368 -1358
-2131 3079 -368 3234
-333 2067 -986 -1008

2282 1015 -1961 -2690
-147 218 1002 -3321
-1618 -2200 3654 -3377
-3703 -658 1448 1959

-1320 1088 -1649 903
3972 2950 -2484 -3868
2669 -1101 2793 926
-3812 2479 -2597 626

-3268 -3957 -2991 -1918
-363 34 -1531 -3577
3421 -3274 510 -3419
1098 2657 -2139 2681

2734 -2141 2717 -3733
1914 -580 676 -3225
-2738 3453 234 586
-3844 3315 -64 2775

2405 3525 -1398 -3701
-1277 -2804 -2391 -929
-832 -2393 -133 962
2687 87 -2282 2714

670 -2386 1555 -845
-3011 -3172 3810 -1072
1961 2756 -3814 2014
-21 -2858 -1485 -3867

3193 1168 -307 1793
2834 502 -1793 -974
-2337 -3697 -2954 -1346
1355 3431 2746 -2504

-2151 2418 -3907 -3340
-1021 -3183 -1287 -1143
1061 3263 -719 -2030
3528 3310 -1129 -2760

-3458 2844 375 1508
-3737 -1590 -32 -3235
2288 2169 -3478 -4016
479 -423 763 -1985

-1179 3504 2102 -3746
-2660 -1586 104 -3603
-1077 -4077 -2774 3136
2062 1768 -1911 2877

2368 -583 -1334 625
-2623 1342 1688 3544
-413 -749 790 1597
-3839 1201 2635 504

2572 2067 2341 3138
2301 3191 -927 1029
-158 -3702 -2862 3687
2189 -2389 2486 -1956

-3474 -2430 -2475 -3844
2744 1426 2608 -3071
3325 217 -615 -3297
1129 -2992 2682 -207

-714 1800 -386 3555
2890 1447 -3400 3301
-3102 2699 179 -1624
3477 -3334 1238 -2959

-1384 -1120 -3199 -3585
1364 1363 -1970 2167
-128 -827 3640 -202
328 871 -3210 1232

-316 3270 2277 3119
954 3029 -866 3125
-2125 1598 1208 -1414
1572 -467 -3901 1321

-4061 -1516 2245 2329
-1581 -1071 -3053 2756
1351 3530 791 3371
-1740 -3676 3404 -2618

-441 3397 -3542 -2785
-1802 -3330 2898 105
-944 2989 16 2871
1952 2593 -78 -901

-805 2479 567 -3441
681 3491 -3288 217
797 3805 -2412 3762
-3934 -3064 406 2655

-1633 -2504 135 3
-2836 2592 2268 -123
408 443 3650 4058
1729 -1941 -2540 2208

32 3650 -2604 1781
1433 -448 -2307 3124
-1747 2707 824 -3608
3879 -291 2114 -60

-3399 -3553 -2183 2962
-1330 2766 3599 38
-3303 -4078 2906 -2049
-1624 3766 -2949 -2286

2892 1400 1885 -1223
2135 3183 -1713 -2471
1752 1854 -1196 3528
-2177 3891 -3526 -1917

-912 1239 1916 2646
1129 -3472 -918 -650
-1185 1843 -1495 1929
3974 3157 1673 -2912

1027 1004 595 -1394
3692 -332 -3157 -2965
3963 1060 -3755 1732
-2624 70 -550 -1101

1910 -2552 2475 -1908
-784 2010 1623 -1847
1567 -2332 1075 389
-3102 238 1628 4046

2871 -1015 -671 3808
1972 3557 -3069 -1562
3846 2408 -61 -1113
2506 2533 631 -2804

1345 1747 -724 1962
-2318 -3478 -775 -2942
3098 694 -3125 -3644
638 -336 -797 -466

440 -1106 982 -450
1155 157 -1093 3639
3153 1086 -136 726
-352 1745 -2147 3598

-575 3289 694 -3536
1326 -3208 -896 1680
-2986 2122 3685 1844
-560 -2131 -1978 -1220

-2774 3422 3322 2400
683 680 2463 284
2309 -3887 1028 -2665
3205 -1211 -1013 974

3369 1517 2571 2834
1014 -2898 -2557 635
1404 -2668 2854 1195
526 -566 104 -191

1090 -714 1150 3004
1823 -416 1452 3331
-1500 684 367 567
-2627 2539 3459 3887

663 1916 3604 -1479
3573 -1822 2182 -579
1715 -1356 -2501 939
2004 -1347 870 -2089

-295 3618 1458 -767
4045 -2859 -3703 -18
-1244 -3974 -2230 2773
326 -2270 -3036 -637

3838 1367 -852 -3420
-982 3650 567 3494
1436 1139 1850 -4009
1337 -2864 880 -786

3476 -412 -1182 -1606
2762 -3844 -147 -872
-1844 -3687 -3164 -3729
751 243 1549 -1690

-2536 -533 3381 -3832
928 2660 -787 3930
-2121 -159 -1905 2703
3205 -2564 -1224 430

2489 -3085 -3461 -2804
2901 -1641 738 -951
-2397 1577 1957 3161
3612 888 4039 1081

-3501 -1704 -3405 2629
-2242 -3783 457 3340
-138 -2397 3967 -2570
1723 1162 3335 424

-1539 2741 342 2832
372 -3417 317 1005
1864 -2351 -2257 1658
3268 2875 -2975 2842

2242 -829 3030 -3063
-726 2554 -4075 -3380
-3834 2891 2385 2216
3118 -1001 298 -2705

-2854 -1884 2411 2653
-1120 -1334 -2096 3336
3698 621 -1506 822
-3361 -144 1033 2165

-2510 411 -2754 1325
615 2558 -1035 113
3477 -127 -1506 -1130
-264 -3944 1599 3504

-1583 -2451 -2104 -3269
-170 -2115 1959 -474
1061 80 2148 1247
-3550 -296 2721 1893

291 -695 -1177 4024
-2577 -2932 1537 1165
528 -1196 3762 -4013
1920 -2595 794 -821

-3834 -3009 -2976 3976
-2638 230 328 -1926
-576 3715 3292 1645
1469 -3948 2258 -3687

-1748 -2009 -3214 -2436
-2667 -3230 2414 705
1377 -325 2469 -3594
-1905 744 -2696 1236

1102 -2532 -3139 -54
1009 -1748 718 -1943
-2813 -456 -1798 1423
-1081 -2640 -3419 1037

235 2243 -3718 679
-2911 2835 2219 -3535
217 2805 2285 581
100 2603 2531 1437

-3175 2706 -4035 3207
-1474 -465 2413 -4034
-521 -201 3252 264
2302 537 -3570 3440

-1390 3083 -176 124
449 3042 -2114 2334
1737 2784 2229 3362
1071 2839 2076 2125

-3713 -3847 1092 -3861
3050 -3056 3252 780
-580 2519 970 2397
-3938 525 -2406 2757

3490 -479 -2020 1935
-3529 1409 1503 3923
-3529 -2452 3302 -1992
2837 -2400 -2733 -1554

-650 1341 3111 -642
-2664 -1365 -1273 -1712
-1590 1118 -1617 -2231
157 -398 -3266 -1776

-3267 3073 -1796 3184
638 1771 296 3452
949 -3238 476 4021
8 -635 1090 2120

3416 1360 388 3216
1703 -3368 630 2089
2026 -226 -2271 2864
2198 -3089 3555 3282

-2350 824 -2907 1688
-3475 602 3610 611
533 3432 -1417 -3683
-2639 -926 694 1662

-2495 -761 -1334 3212
-2517 1841 1180 -1122
562 3684 -2148 56
4092 -960 2208 -3134

1661 -3757 -2770 3309
2887 -385 -1054 -103
2498 1359 3828 2197
3921 2228 2177 2042

1986 -2464 -258 -3685
2645 529 1915 1568
190 581 -3253 157
-3867 -2832 -662 3790

-79 -1052 3334 -1080
-1495 -1671 3796 -142
330 -3552 617 196
-447 -2908 3309 -528

-3509 3163 3356 1853
3229 3776 -4045 3336
2110 -3726 4018 -1690
3664 -3015 -1101 -854

-3126 -2690 -1928 -960
-3009 649 -314 3231
2654 -2028 2329 2476
1077 3026 -4 2665

719 -1029 -1694 2969
-771 2618 -3558 -3303
3559 1435 -3763 3414
3516 -168 500 -2950

-13 152 3317 2641
2858 -2089 3078 -1938
-3921 3089 3852 2628
-2959 -917 3176 1660

-1941 -77 -340 803
-33 2469 -217 3963
1338 -2517 -2933 4065
3889 3276 3898 -3486

2533 -3471 -2124 1422
-3899 2969 -985 -483
370 1639 3536 945
-4082 3330 -2325 540

2673 949 -322 -3876
-60 -940 999 -2620
-73 -3717 -4 -575
-3341 3958 -1271 2066

-3972 -3050 -2543 -2993
3788 3436 -2656 2761
-2102 3020 -3253 3175
-2930 627 957 3405

-2615 3701 1056 -3884
-2463 2638 1400 1357
-3629 657 427 -3383
-2645 -572 -3803 -834

3696 -3241 1861 -990
-2511 -1359 560 1207
2833 1647 -2930 -537
1901 1168 2013 2334

1737 -873 -3784 -2289
4025 2490 986 4061
-2916 3433 -2652 -593
-4002 -697 -3989 2563

771 1232 1345 -11
25 -2011 3760 299
3775 1418 -517 -150
-2524 2606 -2449 -3302

-803 948 2530 -477
1234 2685 394 -350
3369 2774 -275 3457
2615 483 1300 -3237

-1180 2049 -2137 -3736
-1777 3215 4035 -2995
-2287 -895 1100 2567
2302 -3000 1131 3454

-1617 2532 3809 833
2858 -1303 1616 2566
-1308 1044 -3350 1459
-2798 829 2142 -114

3668 3083 1360 -3256
-1545 3752 2664 3619
301 -390 3095 -1402
-1461 -662 -1230 -2520

3202 2646 564 2359
1225 746 -3219 -3511
449 3222 -3458 -2406
1087 -1809 3734 2490

-1778 -739 -4028 976
204 1539 -797 2293
2922 2640 1194 -3596
2258 3533 1852 2225

-3594 641 3513 -3273
3191 2415 -725 -3144
3855 3608 -2753 2952
-97 -3884 -53 1310

-4069 -1053 3785 -1341
-1569 -2708 187 3460
1991 943 1284 -3642
-1686 -1661 -1731 3339

-3846 3610 1095 346
2799 3073 2370 -1730
3879 1080 -2756 2819
1091 2497 2989 1787

-3364 -3427 2873 -2510
3350 -259 -639 1352
2538 1119 -2714 2891
-2377 3187 2811 -1665

2924 718 -2669 -2092
-2601 -426 253 -618
3418 1576 -170 1413
-2001 291 3366 -1880

-4010 3324 -3743 -1408
-414 2011 2899 682
1992 2683 2504 3725
-208 833 2410 -1917

920 -207 -3967 -1753
-269 -868 -3645 2258
2588 597 -3076 -1887
3056 1181 2039 -804

-1022 -2303 -2842 1990
-2873 -3832 1374 -2473
-1018 -1059 -445 -131
-1370 2759 -3968 3241

1361 -1771 2077 3032
-1378 -2703 3555 -2002
-1321 -2448 -3615 -3550
-435 1388 879 3269

-50 973 -646 108
-3212 185 1170 160
2946 -175 -1281 1663
-2241 -1964 -2726 3863

-2577 -3589 -3940 -427
-3562 3913 2630 -1528
-1398 -1959 3818 1468
2541 -3409 -2862 490

2901 -321 3642 1482
-3962 561 -3771 3243
-1899 -3846 -2636 2963
1474 1883 1836 -1674

2531 2822 2285 4036
2331 -2702 -1705 3348
3111 -3934 -2616 3785
698 -2556 3893 -1976

2583 -432 -115 1859
2570 -1611 -1728 2085
1577 854 -2609 2747
1731 -3116 -586 421

-2288 -1014 -3284 -1310
1537 2508 2832 1025
2119 1776 503 -4058
2746 -3760 1238 -433

-162 -334 2920 3091
1330 2603 178 1395
2609 2547 2488 2074
-637 -3463 2954 -1477

376 1262 -875 2586
423 1897 1160 -2396
2776 -2641 -1795 -2242
-2749 -3286 -3626 212

-3050 -481 780 -406
-312 3723 1878 -1511
2060 1339 -962 -3141
3406 -2474 2286 282

-389 780 -3132 1934
-2433 3170 -1527 3119
2676 -3539 -1727 -1190
663 2846 -1636 -2292

3670 -2432 -2127 -2086
43 1518 -2965 3146
253 -3162 -2512 -394
711 1176 1581 -2457

-2143 -26 -1577 -2700
3737 -1906 -1095 -3412
-2718 3280 -1544 1279
530 -4075 4042 3410

4072 -1529 3865 1563
801 1879 1646 538
1828 2 -2094 3832
-1024 266 1194 -1997

1680 -499 -1780 -2024
2925 2633 2806 1535
2959 2126 -3145 1041
940 -1121 1781 -1925

-478 -2196 -849 2014
3249 -377 801 -1522
-241 -1803 3860 1620
31 -393 2935 -2042

2644 -2626 3381 1736
3329 2260 3727 3906
2951 3038 -2700 -74
944 -3902 -961 3614

3154 -3998 -2160 -2038
-2138 1560 -1474 -384
-508 -2066 1334 1168
3127 -3288 -2527 2984

-1602 1112 -1079 -3410
171 -2825 4083 1734
3466 -2586 -1061 -1971
2958 1507 246 2281

-1759 -2391 -2335 1732
3619 -1392 755 -1184
-915 2441 -3592 -3173
3641 2870 -415 -754

-3270 1747 695 -2374
3434 -242 -3941 -4072
-1943 -3790 3329 2329
2611 -2443 -324 1589

-2791 -1824 35 1220
2520 2026 -1227 625
411 -4056 3636 3794
3590 2956 -2355 -2003

-703 -3291 -1973 -2300
2221 -2936 1077 2168
2069 -717 2797 1182
-3412 -2240 2180 3181

510 2209 239 1464
-2188 -2313 -1429 -1977
-3358 -3103 -3396 -95
1664 3010 1328 1473

-2601 3489 1133 2379
165 3646 -2599 -3480
-580 -2546 -3237 1814
-1793 -1597 -4018 2396

-2278 3682 466 2398
3011 1752 3237 1066
3606 275 -1570 -1500
-2438 -1783 -2454 1499

-967 3446 2594 3104
3977 -1728 3691 1969
4007 173 -2180 153
-2630 -3898 1746 4082

1379 -1433 2129 -2498
-3125 478 781 1395
-1012 168 -3590 3651
-1106 2574 -1935 -2645

408 2024 -148 -335
-2076 -1779 2516 -1334
1787 -3327 3586 -2735
2034 -3246 -1073 1335

-1120 2403 3155 3775
2776 -4079 2969 -395
939 1466 2287 -1933
844 -2270 1622 -748

-3750 1087 -2441 -2607
1983 -2716 3004 -3599
2799 2592 -3650 1909
2048 3843 2235 1151

821 3417 758 -271
-1448 -631 4056 1456
-3289 3657 1621 -208
-2117 3735 1665 1216

3044 2444 2842 3013
1594 -1160 -2366 647
605 3692 251 -220
1399 494 971 1148

-3907 360 3518 -1621
-1325 1238 963 1627
-2462 1322 1220 -383
-3126 3507 -1154 -298

3724 3112 -2999 2826
2477 1854 1983 -598
1997 907 -2744 -3786
-1992 3284 3724 -3103

839 606 3763 938
3462 2775 3710 1371
1046 -2014 1233 1470
2409 3280 3812 -695

2110 -1487 2434 3011
335 3395 669 3458
3369 -1356 -2492 -1294
-441 1604 2269 997

3900 -3218 2530 961
1749 -2703 173 -2849
-1991 -643 2464 -2197
525 2552 -1540 4013

1625 -621 206 2940
229 2617 359 1757
661 703 1157 1757
-2230 -1359 3956 -4067

2116 1898 1629 -3508
3746 -2003 298 -1494
-35 136 3702 -1725
-2616 1355 -2723 914

-1314 -3340 3844 -3219
2096 -1523 3984 -1519
-1449 2975 1936 -1818
-802 -1996 3549 -2417

-1911 -2415 215 -250
407 1527 -442 -3817
-2711 -3861 -915 1502
-3398 2105 1200 -3991

2705 1225 1795 1274
-1511 -1193 3528 -2745
758 3775 -1733 -3501
364 -1211 -478 -2958

-2848 -3 2502 3307
1672 890 3373 2205
1227 -897 2649 1220
-2468 2889 446 -3937

-3725 -924 -1455 15
3706 -208 -1638 -2611
-764 -1202 3532 -1348
1727 -2466 1209 -2714

-44 754 3910 1024
-198 626 -3004 -226
2491 -1335 3178 3819
3862 -601 -1410 -1718

-3682 1427 -1624 2410
-2944 -69 -835 -2440
510 -94 3978 2246
-1112 906 -3256 1093

-2906 -3747 -3281 -211
1329 830 -1392 909
2645 2948 -545 978
271 3847 -2309 2617

3030 -4071 -2736 999
-3180 2821 -1391 2345
2856 2142 -842 2150
-3150 -3079 1100 -1751

-3975 -1009 1323 -3468
1677 2430 -707 2405
1239 3985 3131 -2450
-3771 3304 1522 16

4079 -3079 -3688 -601
1648 -3398 -2177 -3805
1704 3811 3328 2849
591 752 -1104 897

-3635 9 -2007 1296
1818 -613 1309 -3264
1810 -1979 -1322 -2392
-903 757 3978 36

-3797 3093 698 -1740
-2810 2096 3750 3097
782 -1391 -2433 3862
-1835 -2095 -3185 2091

3038 2469 2478 680
-3789 2494 -686 2379
-1880 370 1585 3740
497 -2897 -242 -1576

-1949 2565 846 -1372
30 -2529 -529 962
-970 2038 2555 -1136
-785 2278 1595 3495

451 2189 889 -3658
3055 -2845 -687 3150
-37 -3550 -2332 3045
-955 -3226 -3626 -2629

2199 2851 3626 -3594
-327 -832 -2085 2888
2939 1741 -1339 1497
-61 271 -3645 206

256 -1314 399 -3577
2812 3623 249 -2623
-1116 3680 3799 3665
1165 -3814 2306 2728

-3178 -2506 -353 3083
1575 201 2542 358
-3866 -2277 727 964
1297 -3276 2782 2606

-3292 -3491 -2103 -3790
1058 122 3710 -173
3973 -1006 749 -3497
3934 -1218 3546 1107

-3876 2973 3987 -148
3262 -2659 2586 -3045
127 -2195 1930 335
200 1612 -3944 3552

-2967 -526 -2568 2744
1118 1204 386 2550
-3985 -561 3495 -3042
-1132 1837 -406 1913

-1193 341 -2014 3159
1022 -494 4042 -3272
4070 2377 -905 2970
-2177 2302 831 1659

-3236 -1049 77 3657
3 2365 2650 -1879
-1966 3393 -2205 1644
148 2616 -967 958

-3633 2468 2188 -3647
1445 1658 -2972 -506
-2429 2282 966 3361
-2065 -1924 2421 2505

1288 78 -1731 147
-1789 2443 2025 -1571
-2112 3396 -1292 -168
3566 2679 45 -1741

-424 657 2296 2419
981 3197 -3265 2854
676 -3132 -3608 -3907
-2620 -173 2979 1705

-2461 2532 106 1000
-18 -178 -1459 3640
-2770 427 -385 -2107
3445 1197 261 975

361 3542 -1851 4023
-71 -2109 -115 -2306
793 -1032 2159 -1008
1264 -788 3565 -2784

-2574 -4066 -2270 -3799
-655 -3262 3732 960
-2568 855 345 -120
3345 1074 -1709 2251

-2758 3173 228 747
2896 1412 -3577 -538
-340 -486 -3716 -2685
-1417 803 2068 1828

2876 3529 3471 354
285 698 486 1091
-4081 -2999 -2656 -1965
-1750 -2045 2321 -3331

-1883 -3053 -3344 3548
2728 3957 -1866 -2647
-2650 324 1389 1682
-976 -640 1725 1991

462 -1342 -2413 3618
3675 214 1193 -3706
1299 -1135 2009 1957
3278 -3904 2151 2564

3396 141 2273 -145
-1472 -1324 -3711 3837
1798 -1368 107 2602
-1612 -875 -1824 -572

-2769 1201 2246 168
2908 2652 859 -3718
112 2634 -2140 -2291
-1842 3049 -3068 -2458

2652 -3039 -591 -3723
2143 2516 3818 2608
1659 732 -219 2289
3567 2552 2570 -1397

4018 -2181 -2172 1739
-1566 2888 -2809 -3983
2270 -379 3573 -2051
1811 -1371 1666 -2090

1326 -2380 -488 -2357
-3100 768 -1610 -479
-1214 -1824 3376 -992
-3959 -3333 3650 554

-3378 3160 -1685 -741
-3655 2366 249 -2308
-2079 -3874 -2752 -447
-1149 1754 -253 1987

-1588 3993 2015 429
-3240 -1485 -340 -3161
-1168 1475 3578 -2584
3999 -2789 -2324 -3560

4067 -344 3374 2080
1021 -666 1633 1018
3657 1280 3646 2080
-3352 -1268 806 -2568

-1997 -3621 748 954
278 551 -651 -1266
3538 3774 125 1532
2385 1049 1822 -2560

3398 227 -1193 1702
-1783 2330 677 1700
-3729 1725 1911 1845
-1310 2464 -484 -1473

-2183 -1890 3288 556
1766 -1315 2806 3699
-2174 2440 -1355 3067
-915 -603 -425 1827

-295 -1517 -3479 -2711
-128 -890 220 -3285
-2403 2644 -2935 2752
3026 2740 866 3377

644 -171 1617 960
-1686 1522 650 3839
-2731 -1631 -3069 645
1104 -2859 -906 -2097

34 3982 325 1443
3759 157 -2483 -2064
2007 500 -931 -2742
1485 3748 -3406 219

1887 -1059 -1232 -601
-2986 -1420 3502 -456
925 -4021 31 -1474
1172 864 2879 -3798

-619 777 86 -2518
1157 3968 -192 894
-2502 -1461 -1358 3638
-2259 -2834 620 -2740

-3362 -2657 2468 3673
-2441 -262 3678 -999
-1221 -2928 -1582 4082
-2799 -486 -2077 -1439

-1394 -398 -2871 3549
-3644 -2222 2625 -186
-2912 -347 3149 -1421
-2390 1287 -3820 2055

2663 434 -3016 2480
2001 -1741 1718 -1367
-2393 -4039 2932 -3671
2645 144 2918 965

3575 -2234 1095 1004
3786 -1706 3005 -2821
911 -1457 -678 -1398
-1411 -2788 2619 -137

2377 3380 -3208 3126
-1474 2706 -825 -3039
-1584 -3585 2291 1325
-544 -3755 1736 1596

-94 3768 -2282 3980
-525 799 -1766 1007
-3274 -3304 676 -1989
1268 -3897 -1467 2567

-840 1185 -3018 -2680
-1612 -1023 3700 1699
-3764 -86 2443 2836
-1006 2176 -757 -3613

-3078 1649 2379 -562
-2374 -663 1088 629
4010 2910 -3567 -394
1049 2788 -2008 2220

1281 -450 102 1439
178 -3256 673 -2262
-140 3075 -1995 -2639
2094 1229 -6 -105

2434 228 -446 2415
-4082 -2880 318 -1435
33 2723 845 -1701
2579 -1985 -1879 3339

-2046 -3781 -4024 -3289
-2513 -1437 1541 1610
-2641 734 1870 -3450
379 -649 -1175 1802

-754 -239 -3263 -2455
-3816 -939 1890 3111
86 -2991 2721 -3597
3219 1501 800 -2990

-762 -3165 -1785 -3879
2279 -801 2071 753
-3275 1998 2746 -4039
233 -1199 -3400 -108

2672 3045 -4073 2056
1457 -3201 1590 -2498
749 -195 -1907 -3956
-3383 773 774 3156

-472 617 -1297 959
3375 3107 -3290 2274
2273 -3056 1706 -3256
-1180 -229 2256 2784

2659 -1400 2222 625
2897 -421 1491 421
3763 1782 2033 -3318
1871 -3432 -3843 3257

1568 -3460 -3994 3407
-1773 -455 1577 -2754
-247 -252 1519 -2821
-998 3127 2846 3409

-3975 -433 1857 -4035
-419 -2926 -3313 2221
-3986 2190 2434 3852
1396 1108 1673 2859

-651 -1038 3634 -1501
3426 192 2690 1621
3670 1019 542 2228
1021 3508 -1957 -1867

2547 -1548 3101 1216
-3105 3362 1183 -2744
-2125 2760 -2288 -1876
1554 3811 -1998 2308

-2246 3984 -1959 1806
871 -1544 1147 4083
-785 781 -158 -628
-769 -909 -711 1266

19 -1294 278 3944
-473 -468 -2008 -3163
2188 2620 -1725 2018
1246 2369 -1791 -3600

2148 -2875 -2791 -817
4036 -126 -1260 -494
-937 1504 2303 2182
-2883 755 -2526 1439

-2215 127 3138 534
1819 3286 -2469 550
-3543 -1448 -3803 -1081
456 3981 -3302 -3773

1398 -1976 391 2515
-436 -3244 774 -801
1859 54 1309 1441
-3815 -718 -2567 266

-3364 1324 3721 -1632
-3253 -3884 -3722 -2888
4006 2632 3402 -749
-2682 -3664 1466 706

-350 -536 1898 436
2479 -464 -1718 -3281
-1853 2534 738 1639
3694 267 -3453 3521

1987 -1136 -2415 3495
2830 -2279 -1740 2357
210 -2854 2478 1353
-2233 2113 -2646 1738

-3379 1466 -1675 -3458
-863 1469 -2357 3474
331 242 -1003 146
2494 3530 3832 -3325

869 -473 936 924
974 -373 -1716 3247
-494 -3866 664 2322
-1356 3062 1498 1227

-2151 1520 186 508
1995 2772 3702 -1938
863 -2603 240 -2365
2487 -300 233 2104

-1282 1570 -2679 2264
2003 414 3096 3625
885 304 -3600 1371
3284 122 -2106 922

3424 -383 -3374 1922
2656 3228 -3051 -1093
-3946 1616 582 119
2729 -178 -2863 133

-3841 2819 2760 1724
-3121 3523 -518 -1046
-3019 -3417 1577 3937
3809 2794 -999 1735

-3081 -3995 -1982 4080
2593 2622 -2681 2730
-1836 3070 1633 -1483
-405 -649 1992 -954

2523 2081 -1201 -3962
3962 -3520 -2250 -2748
-293 2882 -3133 3336
-2761 585 2944 1188

2221 435 3702 3712
2322 -1691 -2164 -3399
3419 2449 518 1211
-1206 -3210 1430 2560

4050 -1201 3060 -3411
3823 -2468 -1589 -1030
-3544 -54 -3050 3299
2812 1942 -3533 -1372

3434 -3077 -1675 -2412
3161 2379 -2328 2692
-3828 2833 712 1604
-2134 -1165 -1053 4006

-197 -1950 -1409 -120
1038 -2493 -712 172
-4093 2389 -1013 -3770
-2337 -2429 -196 -560

-785 -3058 34 -3796
-2207 -696 -503 656
2192 -3048 2355 2019
-2664 848 1477 -1086

-337 3258 808 -2296
-2324 -3821 -2930 -1225
2634 -443 -670 -1530
2721 1626 -4009 -3356

-270 -2374 -1946 2233
-1455 -2266 2141 -1405
3568 1580 2568 -3769
3123 -3947 -4086 4

1367 3805 -50 -1125
-1836 479 -3346 1752
-640 281 -2663 -1084
1491 2480 -1583 -2461

-839 -522 2027 3302
3141 -188 3472 -809
-3497 -3245 2835 -1180
-2593 -3271 3835 451

-3317 -2384 2817 2170
-4093 -3940 1556 4066
-4087 -2537 444 3893
-1358 -1743 -1444 -513

-1141 1016 -3121 920
2037 -1366 -3960 2214
1301 -374 3894 -977
-289 -2579 -3045 -2890

-1860 2784 163 1711
-2987 2750 3095 390
1899 2884 -30 1875
-163 3295 3357 3043

-2463 1834 -1344 -437
-1325 -3798 635 1838
1212 2092 -2804 -1672
2632 -2943 -2119 1644

1496 -3649 1961 -3306
3847 -3381 3516 -2296
-796 1426 1152 -230
-3371 -2507 2549 2780

3550 -1783 87 -4081
-2188 -3848 240 1260
3197 -2289 1883 2513
-1453 -3518 1802 2952

1351 -3145 1502 3441
3148 -3443 -2822 3870
-1425 3476 1858 -1515
-951 -1550 -1873 -3760

-708 -788 -2327 -3578
-2285 -1086 -1388 -59
-985 2649 -191 -1669
1548 -2767 -3133 -992

-662 1944 -1134 -311
196 -1029 3980 3326
-2574 -916 2099 -3284
3461 1821 2405 3015

-3102 454 -3111 -305
1132 507 -2834 -278
2868 2124 -2657 3777
-95 1497 3299 -1400

3748 -2465 -1858 168
130 2504 -2971 3816
2371 1809 3287 -874
2984 946 837 -1229

-3434 374 2628 3933
134 1032 1904 2240
-1202 610 -1490 -176
-1050 1355 -2670 -2232

-1664 735 -1972 3323
-3706 -1963 2584 -1306
1057 -2411 -2366 -4024
-1212 -3613 3874 2146

1950 880 -4030 1420
-2531 1603 1459 -250
1007 -956 3075 1905
1318 -803 1238 3734

433 -1092 3384 -2699
-258 3174 -1726 365
-932 -3264 -3679 3571
1489 2972 -3931 1881

-1053 2731 -2859 -2984
-2921 1486 -196 -2042
2557 2237 1620 -2827
-3993 3200 3199 -2461

-2796 -1717 3132 -4038
468 -3993 905 -942
492 -4089 553 917
-3317 -3765 1386 -3783

3260 353 -2267 -2013
-66 3898 3959 -2868
2910 -1009 -1520 -2840
1233 2038 -1320 800

-1504 -1185 508 1474
-2702 -2191 2089 -1864
-2909 -2739 476 -2627
-291 -1248 282 -3343

-3288 891 -2877 -2225
2818 1389 1231 -266
-3573 -1381 3295 -1522
-168 329 1520 -663

-1322 -496 316 3405
-245 -2127 2556 -2246
2387 702 3442 3505
3734 -1017 -1041 -1001

-2520 2008 1692 -3539
-750 1608 -2087 3258
-1862 -1202 -3614 -1497
-2085 2914 -1362 590

-1414 855 3849 -694
480 -3631 3969 2584
3241 2159 1060 -1292
576 -9 3509 1419

3789 -2857 813 1410
-703 -2484 -2724 -2753
1987 -3815 -677 -2309
-1816 -3210 -1504 -2750

-3987 -1369 -987 -833
651 938 1020 781
3327 -1723 3042 2676
3381 2313 2021 -274

687 -3323 -3882 -786
2629 -567 356 727
-778 9 1584 613
-3463 1078 -410 -513

1635 2549 -3746 1180
-3974 -655 1503 -1274
3306 -2517 -1524 -1742
-1502 -3495 1046 -3181

3535 3058 -3163 3975
-1851 1114 2040 2460
1565 3219 2598 -1941
2599 3422 529 781

-3891 -1117 -4060 1404
93 -3015 -372 -4024
2873 596 1618 612
-3428 -551 2821 -1856

-823 3169 -3569 -782
3028 791 690 2753
-2996 -2458 -1361 1181
-2902 2533 -3108 -798

-2232 3533 -1031 1253
-3331 -278 2893 -426
1534 -3766 -2875 -1905
858 3994 2817 -2547

3300 1387 -162 -3136
1097 -1112 -4091 3764
1346 3369 -2421 -442
2282 163 809 -1580

89 351 2976 3961
-1040 698 -3587 -773
2244 -1421 550 -1383
-2919 -982 -128 1107

2130 1781 2533 3790
2451 1671 1322 -3466
-2195 1873 -2934 -1469
-2915 -2822 -1191 1970

-2535 -1826 -2100 581
2577 2311 -2230 -2925
-1039 -2536 -2330 -3813
1416 -207 864 1706

-1008 3274 -570 2763
12 1324 -1951 3814
-1363 49 -3156 2597
-2083 -2893 3328 -463

-910 1185 3699 2784
2884 -3210 929 805
734 1405 -1939 420
-2911 1472 617 -1727

2799 -1564 -787 -2515
2982 -1209 883 2059
3959 1319 3452 1620
-2245 3388 -1207 -1333

-828 2338 1893 -438
3260 479 2613 2673
-959 -844 -3032 1105
1915 587 71 3033

-2327 3049 -1353 -1867
4004 -1884 1549 -3545
2041 1531 -1371 -125
649 -1240 200 876

-1970 1781 513 3045
-1855 864 859 2217
-1785 1344 -2130 3708
1190 -2168 -1931 -2509

408 -327 -67 -3803
3227 -2984 3256 3343
-3855 1326 -157 -4059
3932 -199 1975 -4011

782 93 -3777 -707
2883 3757 -1208 2223
-3791 1382 -2202 -779
3169 -1404 -1267 3236

-2248 2800 -2719 -2494
-769 -1069 3471 415
738 3627 -1193 1522
-1479 -1067 -671 -3084

-626 -3667 -176 -3119
2621 824 -1565 -1883
-3331 -2374 921 -538
-4037 -3834 3747 -187

-3368 -3677 -2008 4058
3702 -1990 -2409 -3688
-2091 492 1654 -3804
-1928 4025 -3521 -1451

3021 815 -4046 -123
2121 4029 1511 2705
-3441 -2966 1358 -2741
1600 -907 -3683 -3833

-721 2494 -3103 -1481
-1449 -166 -2060 1023
3532 -66 -2831 -336
2633 -2050 1458 -612

-3457 3471 2828 755
2925 -1399 -1306 -2138
-2494 3788 3239 1497
-3552 3997 -299 2813

-2181 3633 1241 -1869
2478 3350 -690 1352
-878 -2977 3158 1482
2889 -1267 -4033 -620

-871 1773 667 -4084
659 -930 2359 1687
-875 -4080 -2591 1088
3610 3746 3776 569

2313 754 -2991 645
773 1173 3543 -2861
-3164 1589 -2620 389
-1694 -772 1707 771

-2968 1318 -4075 3813
-3615 3447 3625 -436
-3545 325 1542 -863
-1723 1534 -3555 -2565

1609 -454 304 -1210
-2087 -3817 -2458 3614
441 2133 -2094 2617
-988 627 -2071 -3499

3850 2702 -410 1526
1285 -2629 1292 -815
3750 4040 2897 -2186
-49 1031 -92 825

579 -2910 -1839 1728
-2296 -2916 230 1263
-3255 -94 -2621 1558
776 -3211 -507 -3262

3720 -2998 -2606 2079
-2694 2069 -2863 2912
-522 2254 -2343 1684
-2245 183 257 -897

3992 -2716 1024 1861
-226 -4028 3869 -1863
3434 -3117 2055 1413
-547 -919 -2631 713

2252 1339 -2343 953
3409 -1269 -623 2306
2998 -2067 -3142 3420
3726 -2990 -529 4044

-28 1936 -661 3129
1364 3573 -2063 -395
2305 -680 -3296 898
84 1026 -800 2802

3955 3584 -1901 694
2343 2050 2277 2144
-752 290 -2475 -784
-1074 -4068 -1552 -102

2012 2280 3443 115
86 -2917 3417 -802
-2221 399 4052 1596
-105 -3315 1964 643

-2980 1088 -1549 -5
-1474 -3307 -3572 -2276
-338 2406 2960 -2619
-3583 2015 1802 1575

-3038 669 3193 -2012
-3276 1231 -880 -2686
-723 -909 882 -2073
-3003 3012 -3702 -3544

-1049 1027 2468 -189
2710 -3051 3807 3790
-2415 659 -1811 -1799
392 2682 2569 2424

3588 -3445 3568 1547
-2014 2727 1840 290
745 906 -4075 -2646
-3263 -27 -1546 -3014

-871 175 -3748 2328
-1687 -3634 -1749 -2451
304 -474 3582 1798
2329 1277 1220 -100

1089 969 3337 4059
-1419 670 -3014 1851
1932 3662 2428 -3951
2849 3969 3203 1884

347 -1695 -3327 219
-2040 536 -1726 2742
-2966 1073 -1290 2375
-1383 3485 2841 -3613

2071 113 -3669 896
1536 3757 -2876 3502
-941 2616 4013 454
1058 -2186 -3156 -499

278 1267 -3190 -2393
2819 -317 3446 -2245
2243 298 -562 1806
-3746 -3410 -725 -3047

2983 2420 -586 -2327
-198 -1416 392 2396
-232 55 -1162 -1048
305 1369 1156 3378

-3065 -1677 -4065 1009
-878 -3688 3083 -2441
3482 2849 1696 1580
-1771 -1598 -1004 595

-380 -529 3675 3069
333 -610 3071 3881
1723 53 3734 2290
-2786 363 2544 878

-893 -2146 3865 -2285
1312 -1246 924 -3026
-1635 1770 3139 -1020
-4073 -145 2257 -1738

3329 -2550 -630 -925
2808 981 -3239 -3249
-188 932 1741 -1697
-1579 2790 2788 -438

2899 699 1978 -19
1797 2618 -3901 398
941 -3389 3437 2998
2252 2666 -543 -68

-3959 3993 271 -1381
-850 -2521 1254 -2791
-1848 2894 -939 3894
-3880 -2587 -1639 517

896 -684 954 2983
527 387 -2733 -613
-491 3809 -3821 3983
347 -1600 -196 -3937

-353 40 -895 -4016
1770 2416 -4008 3903
2609 -2373 3048 -2787
-3643 -1317 1885 -2684

-361 -2570 488 -905
3520 -503 4094 -2583
-1545 3860 -4035 1718
-1320 3143 3648 3148

-1785 3706 -1196 -1913
599 -9 960 883
-2734 -407 -1714 3810
974 2925 -2797 523

-2462 -3844 -3796 -3163
-2454 2256 -2398 435
-2319 -4032 407 2788
-495 3477 -3721 -338

1358 -1387 3401 -453
-1332 -91 1755 1209
3463 -1849 -1693 2039
-1894 -2930 -866 -2777

-3388 -3532 1663 -2828
-180 2412 -1634 -1227
37 1880 -334 3783
-34 2571 3321 3780

3745 3520 -758 3742
-2777 3146 2213 2343
-1479 725 -2274 -1448
-3085 -446 2298 -1853

1637 1953 3032 -3087
4092 -2874 3126 -1899
-2111 -1918 -1056 -1395
955 -2932 379 -566

-1806 -3846 2613 -2999
1790 1613 -1483 -3719
3770 -2971 2396 3306
473 -2985 -3281 3871

-1233 -2501 -801 -3655
1663 3990 1463 -241
-3149 738 253 -3700
-2685 135 -2071 1216

609 3914 3744 -2528
-3129 -3289 -3027 -160
133 2182 -744 -3536
928 466 -4025 -1687

2823 -3746 2078 -640
-3798 103 -575 1135
-1678 3045 592 2127
-839 -287 -1393 -1784

1523 2351 -3486 646
1227 3736 1705 8
-3162 2800 -959 -1421
-2522 3196 -1225 -1284

1673 836 -580 1959
-386 3542 -88 3688
-454 -1180 -1158 -1721
3838 317 3885 -3913

-3470 -2854 -3223 2314
3105 -879 1853 -673
-2525 159 -1247 1325
-331 -131 -2900 1951

3929 -2046 -2714 114
1622 1621 -3623 -2786
871 881 -2772 470
1116 -3199 -1469 -2178

1460 -3205 -3960 -249
-3901 885 -3125 -716
-2113 -181 3840 1134
2114 2656 -2329 -2074

2121 -1934 635 2616
-3771 2152 1148 -1836
-3284 2358 -646 -2567
3209 -3218 451 -1965

-2475 -1051 -1994 2826
-1981 2283 1678 3471
3883 -1818 3480 -2128
-2635 505 2859 -1265

-2833 -1243 -2146 3303
-2011 -715 2929 -2276
1467 22 -3788 345
-3569 4073 -518 1442

3586 -1132 2495 -990
-3540 -691 2860 837
1098 1986 -1104 2125
-2470 -2085 2640 -465

-3762 1622 -662 -3865
-3439 -626 -2924 258
2592 -1292 -2428 1815
-1765 277 2792 692

-2352 2474 -1428 -3621
-1973 3255 3287 -464
2510 -1762 287 2736
218 -436 3498 1589

3181 1621 -3494 -3815
-667 3504 -1809 -1495
3629 1026 2065 1956
-3082 794 -2995 2406

-2577 -382 -3282 -1868
616 1035 2574 -3222
-1957 3694 -2217 -3557
-281 -3069 -1130 -1231

-702 4066 -1384 688
1068 -2049 3398 1632
-1636 -1143 -684 -3236
1894 1523 -2816 407

1760 3461 1600 -3587
-2295 -3477 3812 -1902
-2028 -2194 -1026 3331
-1423 -1967 -2669 1

1595 -3187 -3135 2186
-506 3001 -1403 -3996
2240 -740 1859 -2391
-3566 -2610 -2689 -1436

3754 127 -964 -3865
1233 3882 3640 855
-700 -4049 4008 415
-3663 -3521 -732 3942

82 1619 -862 -2139
1424 2449 3037 -3728
-566 3558 3097 -3750
2895 -1255 -2777 1346

-1778 -3037 1383 -641
977 -1035 -2581 -2093
386 879 -1 -692
2812 1588 3554 -2369

-4047 4031 -2211 -1467
1190 3046 -2426 2840
3610 -455 -62 -2757
-949 1952 2966 2889

2361 -3004 -1925 1399
-2568 3092 3010 -2049
-3153 3677 -277 3958
2530 2766 1237 -1298

-3577 -3876 2860 -4054
-1030 1762 -855 -2415
-1540 -1828 -737 2366
-3641 1631 3466 1617

3784 -2995 966 -3157
5 3613 452 2924
2824 3865 2698 50
-1203 2782 210 2299

-77 -3866 -4095 -1351
-2290 355 -2066 -2656
3334 -318 2176 -2034
1809 -815 3468 -3173

1191 3115 -1710 -142
-3831 1003 -15 1904
-2476 2369 132 -2042
3980 3573 1409 -130

483 -3532 1030 913
-230 -462 1866 1885
-1319 162 1837 -3577
-3556 -3518 -239 -2345

3498 2970 -2809 2767
-2468 -3332 -1720 -2795
2095 3609 -2539 -476
-2527 2672 -2490 230

2086 -301 2763 -1129
-1388 2471 -2271 -3476
-1340 -2836 -3871 -2624
-546 -641 1687 -3945

-1899 3480 3413 3977
151 -3154 -3506 4041
-3410 -1305 2593 907
1405 3769 2679 1251

508 -3990 -1704 1175
-133 1514 1883 1756
-2565 -3627 216 2845
302 -2010 -523 284

-3617 -3420 -3180 -2466
2454 -3326 2127 2167
528 -2362 -995 -795
-503 16 18 2668

3063 -388 -1546 3061
-1414 -3826 -3682 1942
-3664 2112 3776 -3410
-2286 2861 307 -1167

-4003 2084 2995 1233
4067 2100 3348 -3253
1692 3251 -1602 3144
-142 876 1562 -802

457 558 -978 -776
2362 1012 -3337 2576
3488 2284 485 3548
2695 -1225 -2400 -1725

3728 -3768 -70 3938
1581 701 4025 109
2479 -2115 -2557 3016
-3852 -2781 -2946 2339

3661 2250 -2065 -1348
-66 2608 -1939 1077
-454 1279 1955 -1591
12 -2965 219 -1241

-99 2849 2596 -853
-2494 2307 -1472 -2183
98 -122 3991 -646
2689 -1553 -3423 1416

-209 3588 -1784 420
-381 -1983 -943 -3355
-1298 700 -1791 4005
3525 2516 753 2867

-1454 -49 -2218 -3730
-277 -1816 3180 1203
-1882 -2575 2312 -3120
-2722 3106 -3040 -912

-2254 -2587 252 1108
-2429 287 2440 -107
-2872 2438 -435 -3034
-3747 -3625 -217 -2308

-2775 -2211 2132 2962
2772 845 1972 3743
-1903 -3422 1771 -1828
-272 -436 -777 431

2811 1875 1195 -2251
-200 4056 2858 536
-2792 -533 -1446 -25
2428 -1645 1483 3058

-2912 1603 -885 2457
333 3715 -194 3347
-3903 -2867 2954 2262
-1542 2433 3962 -3442

-1410 -2600 -922 -2158
3758 430 -2146 -1683
454 2348 251 1272
219 3496 2329 -2908

-2164 -1399 356 3159
-1464 -887 -1482 -413
-515 2699 -469 -1514
1759 3548 -3559 1692

-3894 -1618 -2608 3215
-1587 2422 1133 2399
-1623 619 645 3089
-3236 2522 1175 1587

-4091 -2811 4015 -3499
56 -1252 -2153 -2238
-4032 3875 -2140 965
2825 2242 -278 -2737

724 1829 -3307 -201
-1103 2141 2310 -3022
525 2168 300 -163
827 -3406 -2643 -432

-2379 1621 -3489 3005
3971 1051 -2161 146
-21 3375 3449 2024
-1199 -613 -3368 1567

3694 -4009 247 3307
-1571 3260 -3301 3682
363 2624 2461 3956
2324 -1843 -726 3434

1576 2613 3004 678
1930 2318 -3960 -1288
2976 -713 -2358 1913
2693 4092 1732 350

776 -1769 1963 -3748
1190 -971 -1493 579
-2696 -733 2944 3851
-3944 1880 -3991 4066

-4086 666 1050 1333
-2386 -2516 2189 -1234
-3291 1094 -2202 -1596
-1066 1998 116 3113

2379 -2886 -1638 368
1994 3499 2329 1782
-645 -1721 -2934 1609
2485 -2881 -2946 -2750

181 -1003 1999 2551
-3616 1412 -1377 1895
-4039 -432 -3147 1522
1621 601 -1204 -328

2444 -479 -243 -1790
739 -3136 1905 1494
-363 -3673 3337 -2531
-2790 -3011 -1647 -2870

2015 804 -1141 -2523
-965 3442 1433 460
-1933 -2848 730 -3345
3329 -113 1187 -129

-4056 538 2982 -884
2891 -956 -1534 3663
1164 -1755 445 687
-3544 -2034 537 -3934

-1089 4054 -1870 -1591
-2696 -1364 -354 -3460
3016 -1851 2705 -3641
2150 3632 -2546 -1518

811 -1159 -3345 -3391
-3713 -1962 -2851 3984
2469 3203 3975 2281
3355 1653 347 -499

-2873 -1624 2094 -3269
2398 -2481 1762 -2854
-1870 -1111 -1524 -3692
-586 -1134 862 2395

186 -1769 -2968 -692
3581 -3084 16 -1112
-2997 -1481 2114 -3169
-2076 -2205 -2545 -2748

-2107 2487 3269 2808
-588 3316 -190 1040
1731 -489 -890 3867
2799 3210 4087 -371

1954 3469 3482 -1577
3294 -3384 -2163 -2409
221 3162 4084 4090
2605 -2547 -664 -3193

3017 564 3207 -1831
-2740 -2066 1101 228
1741 -3484 -2672 -2178
905 494 1943 -2124

1701 438 -3793 514
-3795 2991 3301 1180
-640 -3584 2809 -513
940 -3684 -2691 4003

-133 1401 -253 3213
842 -2030 -2160 2514
3739 -3574 938 1281
-3068 904 -3815 -980

-2253 3802 -3131 -624
-1042 2501 4045 -2115
-251 2050 888 -2251
-1596 -3134 -1169 379

-1691 -2337 -2778 -3273
-1120 3724 2597 -230
-2586 -3975 -1446 -196
3948 3107 -1623 -3889

3748 4080 3032 -733
2485 1429 771 -1068
3572 301 -850 -2611
-2930 -3888 -1383 -1561

-465 4019 1101 617
-1638 2558 -2304 3680
381 2791 3108 -3587
2271 -3240 -243 119

1571 -2540 -3626 684
2268 -214 -2138 1152
3268 -2483 2964 -1345
-4040 1033 -3433 -1562

-284 3957 3864 2597
-438 -1327 1877 -2380
-3670 -1088 1622 -634
660 3297 -1698 -1095

-2879 1662 1047 3451
-863 894 -780 3090
3590 -623 2956 2980
512 -1443 1996 -1802

-3501 -4077 2723 2654
2823 1350 3975 3231
1619 -619 -2485 2833
2862 -3147 -2320 2478

316 -3248 1159 -730
3454 -195 -2827 -1234
-2919 1022 -2470 -452
1277 -3591 1960 1551

2549 3864 -1624 -509
2368 -2213 281 2625
-2086 -2012 -2055 3736
-2482 -2810 2910 2415

2119 1996 -2041 3607
-723 -2408 223 -425
-2882 -3866 725 -1857
-3402 2348 -1972 -1188

724 2382 -2265 -2783
2058 2106 -3443 2034
-1637 -3619 -810 -3088
4014 2875 -661 -3334

3637 3119 -2842 2107
-2201 3808 2914 3401
3735 868 -1023 2850
-3980 -1317 -174 2476

1362 944 -3226 579
-267 2475 2426 -3380
1993 674 939 -518
-2237 -2693 -512 3693

-2154 -1582 -3417 981
1241 -2892 1576 -416
-129 1278 -2906 -1506
-1888 -1176 2622 -3944

-773 2410 1263 1359
-3501 -327 -3285 -1613
-2857 -2771 -2193 1803
-2797 233 144 2071

3505 168 -2790 3084
2343 -1778 1449 -288
3849 1573 3148 -2272
-1992 3225 -2997 -2097

-1987 1738 -486 847
-3799 -2952 -3565 -2879
1289 -3892 -1523 -2538
-3034 858 1693 -565

1414 2868 2504 -87
463 3523 -2768 841
-1040 3767 78 -2463
-3934 3106 -4067 3164

-3313 -2270 -3467 74
1371 -4030 3146 -1932
3581 3932 2857 -1414
-3747 -3154 -1107 -2303

-892 -3231 -477 2429
-2012 2144 -798 -3732
558 -1595 146 2027
-1280 -2727 -1134 -1190

-3944 -3530 972 -1157
-3770 -3681 3507 853
1668 -113 3628 -1914
-740 -3329 -841 -3779

2667 1015 3063 3614
-1872 398 1415 -1516
3146 -1186 -1730 -1795
1955 -1936 -1013 2850

-2440 953 -2055 1969
2004 1776 2168 -1513
1471 -3021 -1047 -347
-210 3797 621 852

-3812 3811 -3967 2475
2724 -2638 2039 1465
2017 2448 -2390 2968
760 -2805 2691 3988

1421 1987 -2104 -637
3701 -1816 -1982 -2779
44 -2508 -1651 -754
-2534 -711 -3186 2557

2683 -2500 -1128 2194
-539 -1453 304 -3459
3093 2642 -811 2686
-3551 -649 3598 1231

-775 3174 -1611 -2001
-1748 -1816 2613 1395
-2878 2334 -3319 -2014
3779 2739 1509 3463

3735 1800 1219 -4082
-1454 -935 1831 -73
1908 -561 753 -3788
-2597 -2345 -4049 3507

2545 486 -2163 1798
-2750 757 -1594 3162
4031 -2587 3795 1181
2536 -2486 -2889 -2688

2825 -1701 -755 898
1678 452 -2297 1619
2560 1290 1506 3820
-1296 -450 -62 -1508

935 -279 -3364 -693
-3217 3296 2856 552
-2999 291 -1898 3037
-1250 554 -2486 -3877

1079 -2101 1266 3918
-2643 2923 -895 -3530
123 -3636 838 -3825
-3657 1826 1955 -2545

753 2926 183 2320
-901 -1353 -2695 3689
3915 -4052 2218 3434
-542 3863 3834 2450

2531 3735 2795 -2274
3549 -413 -3019 -1939
-1015 -664 998 -770
-1172 -257 -735 -2873

-386 -2410 -3558 -1114
-3082 -1019 2503 -4016
-986 2552 -890 -605
1645 -1265 2134 87

-913 319 1192 -421
2863 867 -2436 1290
650 -2947 375 3007
-708 -3061 803 1038

-3955 1919 -560 -3330
-1979 -3347 -1169 -2549
-2690 1516 -2503 -90
-3061 -2070 -1096 1527

1394 1682 -3575 1474
-2049 -1077 -2814 -406
-937 1300 638 1095
1996 3838 773 765

-38 -1200 1606 -3195
661 474 -61 3696
1835 -1861 -3886 2954
3430 -2276 2822 32

-1042 1895 -3728 2908
2283 -2239 2663 1740
2827 -2500 -3668 270
1776 -130 -3767 4091

3570 -2579 -4010 2264
2664 -134 -2081 -1757
-78 3228 882 -2703
2984 533 -240 -328

-2226 -1348 -3988 3022
-348 1565 703 3221
-2019 -2216 -2370 -1856
2983 2550 -3243 185

1759 -1177 3599 -602
-1896 -4017 -1757 1787
1912 2878 1654 -808
392 707 -151 3389

-3191 3895 -2326 -1695
2536 -2703 -3509 -2871
3709 3050 -1918 -1275
-1670 461 -2480 2348

-809 -3375 -2632 1877
2053 3646 1735 3456
-1045 2494 451 2003
2660 4083 38 398

-193 510 1934 -4039
1416 3814 3115 -1348
2594 3193 1003 52
-2372 -376 -2873 -3691

2107 856 -942 1889
1121 -1123 -2153 3904
13 -1874 2932 -2771
-1870 2983 2608 -34

3727 844 2082 -1423
3485 327 -3960 -213
-464 573 -1293 -2520
3863 3320 -946 -1384

3679 -2309 -3729 -2042
-838 3643 3099 3227
-2015 1539 1040 -2572
-3671 -650 -502 -106

3317 -356 1337 -2828
3815 -2748 2158 1705
150 -2472 -3865 1223
-2757 3817 -1465 -1751

-1026 -2059 -669 3165
-1034 -3153 3453 3779
-3897 1171 -346 3359
-1711 -2701 3670 1403

-2024 -2384 -2819 -2635
-1310 2892 -216 -2775
1841 15 -376 -3294
1043 -545 61 3769

-2450 -1222 -2240 -2094
-3614 -2869 -2817 -1333
1390 1762 -2294 484
-2699 690 -1500 -1808

1482 1691 2347 -345
-1692 3023 -3519 3404
331 -3990 -738 1624
3862 -4038 1293 -1837

-4051 -2454 42 -1475
3478 -2820 -3915 57
4031 1549 1354 2015
1300 -1273 -216 -1975

24 -1826 -2417 -3844
-1610 -3996 -2495 3492
-550 -1966 -2167 1571
-1080 393 716 -455

2218 -1273 3061 2189
-2568 744 -2185 2766
-505 1355 -2511 214
427 -1291 2554 1554

3604 1220 2709 -2607
-3201 1667 2365 -3729
2296 -2828 -1072 3076
935 1481 2501 -1394

3702 2680 -3150 -2565
-3003 4043 657 -3194
1137 879 3651 -1106
355 -3121 548 -3433

3216 -1793 -29 -457
3190 318 -3348 60
-1084 3312 2685 710
-2143 -1552 2498 2019

3611 -1141 2438 -2081
-421 2012 -2620 1674
628 -2381 2628 -2223
-3370 -4049 2041 3574

-179 2292 704 1018
-1059 933 370 -455
-3991 -3405 -1905 1464
-786 250 3204 -389

-2336 -1801 3764 -339
-2182 711 1885 1411
-1366 -1423 383 -1850
-1462 3466 2314 -1093

-1631 1306 -2007 2214
-2998 -1110 4000 3089
-3093 1772 4082 -54
-1738 -3686 2938 -33

214 -197 -297 3210
3267 2072 1496 -1555
-1784 -3331 -1608 3578
-1825 2792 1631 2796

-2924 2603 -266 1285
3123 -414 3128 2336
284 2902 1599 2580
-2874 3501 -1953 3983

-2501 -383 -853 -2643
2306 -2684 2807 2369
-2513 -3409 -2261 -3301
2079 3245 3472 387

2908 -3441 -3877 1878
103 3121 36 -753
2812 3566 -2021 -2045
1060 1643 1853 4030

-3135 356 -3676 -2760
2456 3303 -3042 -2473
-2298 3042 3697 2531
3105 -3800 -1603 -3779

764 3040 140 3713
-588 675 3731 2147
-1608 280 -1091 -3860
-1700 -4004 1866 2876

-21 -3365 -3594 512
-2346 -749 -3937 -2624
3977 4065 2888 -3711
830 1671 654 -2244

1265 1935 805 1891
-70 -2160 -500 -1730
1581 -3927 -1356 2298
3111 887 -1846 1433

2358 -2207 -1992 -3877
293 -3933 -455 2315
1122 -2985 3314 -2729
3730 1854 721 -2546

3058 3615 -2464 2762
-3880 -1492 3960 -97
-2944 514 -3386 -2815
3333 -118 -3903 -3424

1195 771 1962 -790
-111 -2501 4047 3831
2710 3407 -1958 1830
-4030 -991 -3478 3375

-1640 -246 -2464 -454
785 -3941 3066 2826
376 894 2660 -1164
-1486 490 689 -3956

3434 1327 2605 4053
-3541 -3002 -2238 -2025
2803 246 219 -1634
1099 1604 -1677 -2598

2833 -2832 3996 3194
1507 -2354 51 3172
2241 -1654 -1406 -1265
-1631 -1731 -958 1124

3573 -2455 -2042 -1410
-2611 -720 -647 -3459
1463 1099 -246 3261
-3554 -3802 2556 -1524

-2728 -171 1609 2717
557 828 -331 -2419
-2045 -3500 3842 2128
811 572 -3854 -2155

-1685 -3616 1945 -2256
-285 -3376 1369 3685
825 262 1659 -973
49 2391 -651 -1095

-2215 -1235 -1066 1185
48 2860 -3079 78
-2061 3471 -829 -725
-2231 -7 2270 2496

-2725 1270 1738 -3477
-1333 2107 2993 1459
-1732 3708 3793 -1038
-3830 1868 -742 -1067

-3757 -319 2635 3991
-601 -452 227 3917
408 3907 3818 -436
-3527 1509 1385 2

-2631 1589 -993 -3813
2654 3556 -1433 -1479
-432 2735 1007 -2410
-2330 -3359 -1410 -3224

2248 3712 4050 287
-2323 1314 2668 3023
3711 -2189 933 -3040
3480 -1446 1776 -3220

-3889 -2452 2570 2840
2560 -4001 -1385 3117
1971 2135 1143 3174
-927 -3356 2495 371

-3775 2970 3368 132
-1148 3937 -95 666
2350 3794 -3907 -2916
98 -2992 -1578 599

3524 2030 -4060 -490
-1147 3496 -1496 1456
-3703 -3394 292 2098
2676 -141 3942 -115

-1914 1474 -1020 2967
-1122 50 2825 -2233
-2856 3718 -2951 3979
-562 356 -3060 3027

1683 1392 1299 1223
-462 3165 -1660 1288
-1468 -515 -1263 3606
-3189 -2518 1689 3210

2143 3699 835 2045
-999 363 3065 -3401
147 -599 1157 -409
3286 3005 662 -1700

254 1721 3699 -3460
2764 -2086 -2000 819
393 -2735 2688 1176
-4050 623 3108 -2876

2101 -1648 -1337 -2276
-1112 -668 1526 -3500
1674 -2383 3560 -3903
1343 -1364 -904 -3029

1461 -398 -3558 3184
-952 -1023 3817 -436
1141 1160 -1122 -822
-3940 -2770 1395 -3213

484 807 -2657 -2991
-119 -2964 -2360 -3460
2377 3442 109 -2801
10 -1718 -2533 -3810

-2177 743 1307 -2955
2229 231 -3927 -667
2302 -106 2111 -617
4063 -2113 -907 2961

-203 -2730 110 -1549
-988 3208 -1070 -3518
-838 2279 -3667 -2001
-951 -1060 -1284 -1795

-2645 -3365 -56 3498
3678 -3872 -2157 -693
3082 2687 -3486 1180
-820 -1276 2281 -3583

230 -2110 -1736 3847
-1211 -1371 -2349 -3079
1962 -426 3060 133
1959 -4021 1290 1289

-2010 -974 3042 3840
1504 -3487 -4027 2141
1268 -2633 -1788 -522
-502 2783 3322 -2847

-557 1497 -2983 -1836
4025 -449 -1260 2398
3792 -1459 -1937 455
650 229 3994 501

2815 -3493 49 -371
1922 2259 -2950 1430
3388 -2349 424 1353
-4079 70 -1196 1480

2231 3035 3793 836
-325 569 2600 3361
-4050 -638 2633 3713
792 -1657 1880 -2151

-822 -1628 -1620 3628
3640 984 -1653 1195
-2719 -2986 4013 -3368
-1229 2452 -3948 -3018

-3639 -1207 1708 -1014
-2153 -2656 2160 -2425
-2947 -1772 -2419 220
2861 -3850 -1800 -709

2601 592 -2227 -1045
1254 1384 -1466 1554
-990 2211 132 -2070
2308 -3044 1733 -1452

-2522 -1511 -3323 1214
154 -1188 -630 -702
2876 3103 -1078 -1701
-3198 -1284 1290 2613

-945 -4095 -175 -465
-571 -1951 1162 -2786
973 -3682 -2655 4040
-2023 -10 -45 -1095

-3872 1278 2616 -2807
-1154 -2625 -2704 -2121
-1394 2145 -3343 2519
3795 423 -570 696

-628 -1689 2523 -2177
977 -1098 985 2301
3187 -2750 992 1988
4072 -2471 2534 2180

-3604 -3064 -2167 2345
-2046 -166 14 3957
961 1534 -1757 1728
-109 -2837 -3852 -922

3376 -3759 732 -2537
2785 -847 -2349 2310
-3997 1844 1081 2438
-2239 -1357 -3479 -3402

-2854 1536 1192 2472
-3812 436 -3535 -377
109 3918 343 -1828
1424 -517 -307 812

-2156 4089 3909 1740
-2311 1439 836 -2287
-1414 3581 -3463 2044
-3548 -2778 -3516 2737

1643 -2222 1156 1831
-890 -1212 1237 2470
182 1355 3881 -3147
-3478 2365 -2022 -1583

111 -1040 1067 -2850
1840 -947 672 -340
1339 3706 2017 -383
-2801 -3587 1939 -3614

-234 1310 -3671 3133
-2731 459 -1831 -2313
-3401 1284 -892 -536
415 4035 4048 482

378 -379 249 -568
3608 1998 -1540 -2443
-1645 -3245 832 -3407
3389 2130 2437 3799

1635 376 3548 3222
-2627 -1173 1870 3288
1424 -2156 -3159 652
2301 3869 -3975 -302

-2798 1454 -2089 -524
-697 3316 -3221 -1200
-2665 3823 -2221 -2803
-2481 -3490 2524 -54

3107 -1020 2465 -3862
654 -3259 2140 -1741
-430 2597 -71 -1021
4060 2703 640 78

-1149 767 2885 863
-1795 -745 1613 2427
-3463 -486 -3305 3240
1953 -1810 1727 3857

-3701 3187 491 4093
1285 527 -127 1333
1213 2741 -1848 580
1943 1868 1206 -2067

-924 -1634 1911 3985
-2214 3615 -812 -3954
-2149 1048 -2427 3241
-1018 138 -114 -3073

1701 -2186 -3110 305
-3245 -2845 -3003 -1707
3569 2766 -87 -2775
-3233 -3759 -859 -4003

-196 20 2533 -1879
-1677 4040 464 1633
-3646 1348 -1458 -3162
1428 -3810 3285 1534

-3875 -967 -1730 3360
1825 3445 -3920 1898
-2859 4088 316 -2922
-1065 1870 138 -90

-4005 -3901 -2420 -4015
-1978 -530 -579 -3959
2702 -3358 -1288 -784
434 -3438 -3802 -2608

-3401 -3455 1508 -3364
1045 1498 313 84
2263 3912 -1470 -1094
-319 -4044 1092 2588

-140 1318 -680 -2602
2560 -2902 519 -3786
1941 3531 683 4077
-1907 1298 2846 3536

-2226 -3351 -1841 -668
4044 -1020 -3350 -1801
-1273 -1340 1726 -931
1831 1905 -2024 -2352

1706 3266 -3172 3603
3346 1804 -2236 -628
500 -1760 -3307 908
-3581 4065 1861 2672

-3234 1234 -845 2420
-2639 -1320 -2763 2090
1040 -590 -1061 479
1493 -2357 -3589 -1415

-1373 -1944 2345 -2649
-1301 3914 -2878 -97
-1868 1421 803 -894
477 -2302 1020 -2544

2819 1528 1170 -3410
-1603 2413 2594 -1960
-1771 -3488 4072 -2594
3478 3939 -3887 1014

184 -4015 -2278 -1895
-918 -3021 -897 274
-3877 -101 -214 -3717
-1701 -3118 -2357 -740

-2260 2641 -1092 3177
2665 -946 -1972 -2553
2109 -518 -3219 671
-2751 2242 -915 -1000

2845 -2468 -1104 -3460
-2543 3903 468 -1124
-4019 2513 2264 3701
-1961 -3107 2817 1586

2290 555 2350 -1036
-2769 -4032 1025 1535
-2783 -3047 891 3144
-1862 -776 -23 -3376

-1238 -705 -874 -3062
-1376 3303 -49 -1373
-486 -2252 3138 -3912
-820 1396 -70 -1316

-4058 -615 2133 3054
886 1588 -533 2012
2140 3243 -3680 4031
-535 -3675 2916 -3753

1188 2206 -1758 336
-846 -781 1861 -3492
1580 -2708 808 1727
-1421 3529 2745 388

-2852 -2592 -1941 -3234
3797 -1282 -3883 -2861
2695 -1503 569 3084
-83 1821 1424 -1970

-2419 1499 -3 -3746
-3238 40 -484 -1057
-3959 -2525 -3864 830
2239 -3150 1334 -1954

-3134 1580 -1334 -1620
1834 -3760 -3826 -2315
-3818 2942 -3651 3767
2997 -1745 425 -3708

-2272 -1000 250 4014
-4068 4000 -2013 -1667
2151 1869 1570 3693
-2947 3449 -573 -2115

-2123 885 1305 -3458
2758 -1722 -1497 -2001
-3809 -2858 -1 3320
3507 2281 -1377 -2087

-2534 2627 -3382 3472
18 -3349 -2509 379
-3149 1409 1213 -1973
-1712 -4039 -2460 -2831

-3510 3995 2993 2862
-2213 2581 -3895 90
-635 3535 1786 -1168
3536 2515 951 -2637

-2136 1436 1277 2983
3924 -533 -779 -419
-3167 -3315 -2393 -3524
3329 2321 2821 -457

2393 -1646 -3566 -3814
-93 3338 1084 2363
-2153 3654 34 -1055
-649 144 -2883 1806

-1000 -1483 1963 1667
871 -276 -1744 2582
-938 -2921 1534 3343
2379 -3232 -1385 -3370

-3075 -4003 2857 2782
-656 -1406 -3916 266
-1459 -1476 11 -557
-1524 4065 -3116 1606

-1074 -1278 -1685 -3131
-1174 -2368 3902 3061
-492 3882 35 -1695
-2355 2940 -2540 3590

-1263 -3284 -3554 1857
1070 3632 -652 1144
-892 -3384 3015 2869
1997 -795 -2187 2179

-23 1171 -2531 -3064
772 575 2442 -1394
130 -803 2383 1754
-821 -1076 -3655 895

3403 653 -1072 -1609
2290 -1334 723 -3905
531 276 2009 3090
-1370 2792 -3863 -3983

-140 -2560 886 1591
-2695 -3894 -108 -37
3923 2427 650 674
-375 3481 2574 -1470

-1179 452 -2127 -3436
-2887 -2904 -2106 3401
2292 2817 553 397
83 -1376 324 2018

2645 -2632 657 2484
2048 4 -2006 3094
49 -677 2694 1595
3331 205 1123 -168

64 -684 -525 2832
1623 -1978 -2362 2254
317 -963 507 -1281
-124 193 -1771 -419

-2702 -174 3661 3976
729 -1354 -3669 -1083
2575 -739 3812 2610
851 -845 -2133 2467

2267 702 2042 1723
-1081 159 1418 962
-918 -1482 -481 -2716
-2087 -2714 2787 1401

3987 468 -2780 133
2112 -3333 -1149 -3485
2588 -2043 755 2538
3815 -2482 1250 1918

-1305 1291 -3921 2688
-3089 -1694 2846 -597
-843 3655 -904 -2445
-2913 -3298 535 -2829

2566 -2308 -3777 -3961
2235 -1252 -1387 -3744
3911 -51 2654 1030
-3151 2108 2178 909

-1813 -343 -1950 -685
3290 -2568 -3091 1180
1866 -1734 -1128 -1085
-2208 -1043 -2226 -3296

1111 -94 -3532 -1670
-377 -2734 -1949 2672
-3621 -3666 -902 -2300
252 4088 807 -1353

1377 1030 3858 -917
18 -1664 1495 -3220
-1070 -460 3231 -2844
1131 2372 2371 -2321

3172 -3475 3722 -3517
1885 -3771 -2037 -1149
-4065 -2611 -4061 138
-3848 -3287 -3169 1077

2658 -1522 -4076 -745
2874 -982 -1521 -4065
635 -733 3805 -3792
-2209 -3966 -1973 1904

-713 2438 1110 1110
2758 -2684 2982 863
3166 3218 -747 -1340
-2626 2791 -1607 -118

1785 -740 3138 842
2644 3890 1476 410
3809 -2927 -953 -1426
3972 3879 -627 1879

3520 -3211 908 1890
1013 1519 -2229 1901
-1414 -585 1400 -1225
-1518 -3530 -346 -2115

-510 1748 2917 -1619
112 281 -770 1699
2598 -3003 -277 1076
1333 -2155 -3601 1953

2295 -2160 -2060 3792
-1781 1137 -2514 -3393
-3237 -3704 -755 2701
-1457 2164 3042 2090

2489 511 -1814 2921
921 -3767 737 2193
-323 1582 -1463 -4069
-4028 1823 1735 -2663

-3788 3042 3279 -3820
28 151 -2449 483
2599 2586 -2201 -1691
2766 -3758 -2395 2049

1147 -3371 -2492 1812
-2601 -2579 -1720 -444
305 -933 -2223 2711
2432 2743 -2156 3709

2845 2581 -3326 36
-2906 -2620 3121 2814
-3592 -7 -3917 -3929
3789 -847 1340 124

4054 -2002 2167 1186
2651 2359 4014 -1345
2521 -1912 3141 2538
-574 3508 3517 -1520

-13 2349 3249 3360
2583 2052 -4077 1826
-3595 -677 2427 -1915
2928 -1491 3947 1575

-3815 1456 -3654 -1649
324 3887 -867 2219
-734 1192 1773 -1846
-301 -3847 -3550 3840

-1226 3962 -1523 1538
3334 -419 -1328 -1332
1259 3697 -161 992
3951 1636 759 -161

-2720 -3333 -3822 -3741
-1945 -2092 1143 2627
-2882 -1645 3547 2130
1577 -3275 -886 -719

-3115 -851 2571 -1768
1749 974 3111 2835
2759 3985 627 -2141
773 -3307 -2602 -1352

-1027 3567 -2965 1565
-355 -737 -1920 681
-2084 -1662 2916 397
-2158 257 -2656 2830

-679 -2101 3949 1061
-8 -491 1610 -61
-3720 2380 -2619 -3796
-3688 -590 -3384 -2798

-504 -1758 -2175 -940
647 -3326 -4073 -1975
721 -1661 512 -2557
-1839 -4078 1474 1408

1632 -2216 -3812 2269
230 3158 -917 -2602
790 -2308 2561 95
823 67 3553 -3619

-1827 2592 1264 2584
2706 -3929 3076 -1971
-2962 -3507 -884 2209
-2423 -2569 2164 570

-2834 -3211 -189 -172
3318 508 -2837 3867
2877 -569 -2571 2794
3980 2171 2070 812

-3150 1402 2127 -1714
1417 -3269 3156 -3620
-2392 2092 2679 -2102
1993 1636 2620 1940

-1188 -3085 -3287 2987
711 4002 243 2720
-1231 -2105 -1168 -2986
-1934 -1979 867 935

-226 -1377 1328 -3216
7 1306 886 -2134
-1963 -1801 3514 -3895
-269 -1948 -2420 -4049

-433 2308 -3858 25
3078 -1162 1584 -2365
342 -4087 2620 -3117
2587 -3559 1305 -2930

-3310 -3605 -2678 80
2566 -3058 519 -1577
-1509 -171 1223 837
-1268 773 63 2352

2384 1136 -1874 1801
3107 2667 -1144 706
1376 -2880 2482 1587
-1619 -2232 -3273 2354

-731 2847 3176 1547
-3875 -1257 2750 2609
3271 -2432 -33 -3626
2546 -3882 -3251 -2539

3699 596 -1618 221
1581 -2610 -547 -3998
-1560 -1550 -1184 2120
-3187 3811 -245 144

2753 1021 -1746 -1259
462 120 -2594 1119
-3535 3795 -522 -2292
-1804 -1272 -519 -2285

-3333 -438 -172 -3945
2584 2837 -3600 1433
3079 2530 -2183 1429
-998 2941 -3714 -680

1119 2783 2618 -3513
249 -1849 1831 -3296
2019 55 634 3410
-328 1017 2857 3763

-3387 1945 -1280 2413
-2865 3913 453 116
-400 52 2638 2428
-245 -1663 -1803 -282

718 -2143 -599 1657
1048 -2170 -3336 2839
2720 -3642 314 -138
-2914 -342 -1523 1259

3009 -3925 3065 2634
3207 1347 -332 3946
-3344 2947 -581 1820
1337 1444 558 -753

1845 745 -243 -2536
-3871 2305 1160 -697
-1377 -1958 -1192 293
238 2363 -1359 -630

-1427 1452 75 2452
-2690 -171 2590 3025
-3343 1247 2007 1807
-2134 -1453 3288 -569

-1028 1257 -3445 -3776
-3718 -2053 2301 -2996
-1526 3517 3384 1166
578 -136 -2997 -2257

-1452 4009 1980 2124
3486 222 -2052 1484
-1733 -2568 3607 -1689
1396 1998 2876 -1514

-1681 3193 -1450 -340
2333 -1737 3339 -417
2159 1769 -2861 1872
876 -593 181 1201

1527 3974 -106 3341
1519 988 -1587 516
-4037 -3773 -2079 -3098
-973 545 4050 -602

-1114 688 2660 613
1577 -3350 -970 357
-1177 3570 -440 651
-4088 3764 710 -733

-1470 2637 -3854 -1189
-2975 535 3260 2515
1205 -190 2599 -3843
3734 -1612 2791 -1879

-2192 3343 3335 3822
597 135 3313 886
-2788 -208 -491 322
2521 -3951 -3005 1201

3237 -2548 -3025 -2452
-602 -2440 2958 1103
728 -2793 1960 1013
-2516 1129 -3409 427

844 312 -3695 2863
-3908 281 -3458 -961
3447 1969 -1557 3284
-496 1530 3151 -3394

293 -2110 -134 -1295
-871 2528 -1573 1197
1843 -782 -3581 -2407
3 912 1417 3210

1145 1910 1662 1545
2079 1291 127 -2825
4027 926 2480 -180
2850 -228 611 -252

3113 -2248 1258 -90
-3318 -1762 -3490 -3213
2415 2348 -23 3772
2359 -1767 2383 -3725

-2632 4021 -1054 -2834
-3559 -1250 1002 3828
3896 -2236 2071 -3512
-912 -2233 -917 -1237

-1148 803 4057 -3163
-3631 2594 -4 -2035
3889 2229 -3826 -2678
2572 3536 2613 -3327

-3496 -1346 -3454 3359
2710 -3871 -834 -691
1264 -2056 2713 1434
-55 -2319 -551 -2965

-2720 -2568 -3222 -1232
-774 -133 -2097 -1228
4092 3763 2454 -2518
-3157 1063 2742 -375

-2682 -2013 -692 -2172
-3570 -1174 992 -286
-427 3205 -631 3721
-1723 4073 -1723 1987

2025 -3189 3608 -1545
-3865 3754 602 1569
-177 -3792 3350 -2218
-316 891 -1965 1634

3951 -3348 2525 3356
2498 3678 -420 -2041
-1072 -1703 1071 3436
-125 -961 1244 -3054

-1901 -3875 -2902 503
-4003 -2592 -460 261
-2284 3924 -176 -162
29 733 3248 2639

-1143 3035 3693 3111
2449 -2204 -4075 -199
-2873 -3242 2103 3150
1748 -2064 -3346 -874

-3802 -1701 -664 -2463
-185 2371 -3565 609
-426 261 489 -2363
1306 3360 1265 -1852

74 -310 1055 1421
3158 719 -2560 174
3875 3953 -1581 -3074
-2496 -534 -3448 -4078

3578 -1382 -197 -3975
2282 3707 410 -2298
2919 -960 2057 -2254
-2619 -2076 2926 -355

-918 -3928 -3559 1863
3064 -2526 -2915 -2190
4070 3676 -865 3378
-2532 -664 4041 4037

-2677 3603 -30 2359
-1595 -3463 3502 -1004
-2905 2581 1311 -928
-1351 3238 -1785 -2832

-2544 -1840 2205 -2123
1431 -3472 2181 -1838
4058 -295 -1335 1588
-1087 -3502 1332 944

-3550 78 2052 -2799
650 796 1985 -934
-1496 -3385 -762 731
2671 3752 -2534 760

-1208 -2079 -762 446
-3208 3154 -1011 -269
357 -3740 2289 3135
-3546 3784 184 -3625

-354 4082 -574 -3883
2301 -3666 2425 -1788
-3368 3417 1753 -1666
141 273 702 2077

-799 3371 1612 523
-2164 3930 -439 622
3854 1712 -1068 -2841
-3223 -3189 -243 -794

182 2064 297 1001
-857 -1988 3493 1852
-2988 2996 2122 -2261
2436 -1827 2885 -1406

2750 1319 2150 1579
3916 1009 -2196 -2218
-3893 -3357 510 -2043
-2968 -1885 -1607 1864

1749 -1419 3493 -232
4053 1112 -2512 3233
3882 -1589 -2644 -1557
1033 1667 3779 -3899

737 -1882 2857 -3135
-46 -3984 1993 -443
1351 3289 1507 2445
484 1635 518 -2386

598 2036 1512 -3858
-564 3996 -2291 -1419
-3905 1794 3298 3754
1452 1081 46 910

-383 246 -4058 -1425
2743 -1177 3138 -3031
2849 -3083 -2101 -876
1346 -1763 -3259 3027

3931 1009 623 -2485
1920 92 675 3299
-794 -1303 -36 -2406
-3262 -2609 -898 -1897

3556 761 504 -1146
-3613 -2390 593 -3574
-965 2414 -1395 1415
-196 -2700 -3583 892

3390 -1800 -1891 2201
2298 -2462 1468 2316
2845 2863 3811 2756
4031 -3291 1944 -2844

879 -869 -2652 -3961
3770 3783 364 1488
-3509 -1600 -3875 2432
-2978 3047 134 3477

-1691 134 1913 -3640
3877 -1783 -4044 760
878 767 2167 791
-3820 -3755 4078 -1894

-1316 -111 -2933 3764
2498 -2910 2024 2262
1711 -3208 3780 1222
3488 3283 2471 -3741

-3079 -232 319 -2851
910 -429 -2605 -39
193 1955 3540 2171
3775 -652 1842 -2225

-3362 -1962 651 -2015
-2647 -3693 3809 1400
933 1248 -1964 -848
3885 -27 1718 -471

-3532 -3497 -2292 -2508
-1447 3962 -2697 -297
1786 1281 1782 251
3752 -3160 2514 3703

267 -2264 1357 -1134
-2253 990 -450 -1983
-2391 -2687 4086 -3283
3697 3399 1190 3213

-1905 -4095 3059 -2720
3760 4025 1423 -2672
3437 -3547 -3117 1159
-2395 3857 -3181 2900

2420 2861 1261 1866
2741 3146 2821 2109
3535 517 416 -1183
-2813 2163 711 2364

-3971 -3691 1518 -2617
3486 3288 2839 -3387
2971 3212 2117 3062
30 -1694 -2206 1164

370 4017 -778 -1550
1770 1157 -3601 -3734
1260 3661 -34 -928
-2975 1645 -879 -4061

3794 2077 -745 2162
3097 -3799 -3752 2862
-2458 2304 -2166 -473
-1806 -2718 -756 -2843

-2657 -212 3076 -216
-2559 2103 821 3689
3768 -2984 1615 1047
-2291 782 2659 -280

2579 -398 -1187 -3562
-909 702 -23 -121
3261 -621 -1390 -1094
-1702 1560 970 -3951

3206 1401 1547 -874
-2139 -1840 3732 -1233
-855 -2655 423 -1503
749 -2474 3211 -3568

-663 103 -1284 -227
2945 -650 -1312 -3715
-982 452 -2157 -255
-2273 -1560 399 2404

-428 -3884 3502 2319
413 614 3349 -3440
3692 1142 1260 3039
4015 -3764 -2212 -244

-935 -636 -2118 -137
880 -1545 -1683 3883
3076 -1603 -2783 2036
-2505 -1524 1071 2982

-4092 -429 -7 -1322
1376 1223 -3535 -1090
-1656 -483 -2688 -2920
-165 433 3039 3822

616 -1632 -3313 -1772
-1844 -803 3788 1638
1500 -968 1464 -2608
-2271 3572 -1002 3939

-1768 -878 443 1816
539 892 3563 2555
3855 3421 104 3686
1390 672 -347 2250

-2868 2677 78 -1505
3368 -952 -3050 -845
377 3035 -364 -2130
3600 89 -763 -2040

-358 -1783 -2580 1021
3785 -1437 -2081 -2564
-2390 -3666 1477 -871
2112 2836 3786 -81

-1028 -3770 -2525 1149
1288 -3009 -394 3974
-372 -2943 2747 3995
-1361 1213 -1515 -2444

-48 -2333 -2663 -519
3041 2604 2202 -2443
3796 -253 -1109 -3623
-3655 -1833 -2235 -2193

-842 -650 2882 3596
568 -1380 -3064 709
-219 2758 2419 -2288
1601 3276 2494 2747

-1921 -2320 -484 -792
3507 3570 -1648 -2261
-3262 -2827 499 -2586
-679 -1677 -1956 1944

-3053 728 862 2811
456 2279 -3142 -1218
1223 -237 3638 -1912
2351 2399 -126 -1808

1454 -4049 897 -133
-2279 1344 -3562 485
-4061 1369 -915 942
-3934 314 2349 -443

-3567 -2534 -3132 -484
-3736 -3130 870 3871
-1225 -303 -3581 29
-3248 3900 226 -1407

3966 -1131 3751 2392
2554 2146 3203 476
2401 2212 -4051 2437
1847 -755 1470 -2993

