-2872 -3409 1556 -851
-7187 858 -4362 -263
-5169 -1859 -4539 2007
-3430 1310 -784 5026

-5956 3756 4761 272
5723 -5476 -8110 3579
13748 -5487 -9837 9879
-6228 -2528 4535 -5784

497 10667 -7478 3368
1241 728 -1579 3646
-4577 -15027 6244 -6745
77 2651 1192 4975

-9785 19378 -22944 10793
-4327 15686 -21289 7940
208 300 4354 -2993
-1875 11425 -11753 8521

-25335 26938 62868 -30422
16725 -13431 -34919 15614
34309 -33493 -80345 42489
91905 -89454 -185975 94109

995 -2842 -3943 2554
-2569 -5229 -3402 -1598
5543 2867 -99 -4240
-8765 8458 -3037 9483

7739 -2012 -2801 -13144
-1937 -5317 -1946 -3932
4114 2119 -3935 -7256
-2858 -3337 2679 -2722

3353 36336 -8381 32346
2571 45647 -15136 38908
-4173 -4833 2 -2781
1355 35518 -8339 26937

-24726 34173 23476 -2604
17740 -28022 -17506 4733
7980 -10370 -10857 1809
-3796 9352 8036 343

-2277 -347 400 1921
-4028 -4019 -4699 -1250
-12041 -3460 -8777 -5924
8465 -489 7385 2068

3549 -923 -1284 3876
842 3306 2745 1205
-6654 -469 -4308 -2304
-5668 -3004 -1597 636

5044 51 -17231 9255
-3192 -5246 41949 -20489
3754 16472 -39057 7487
-1883 10237 -21543 -1668

5653 1410 3564 5174
-1330 3655 -1313 -4075
-2892 3092 2106 -3403
4472 1738 3025 -518

-2895 2155 -1069 -2012
3380 3148 -358 -2006
450 -2117 -3100 2455
4106 3959 2275 1960

-119 6461 439 3584
4660 -4084 2101 -2960
4017 -2868 -3361 -6552
1421 165 3425 -3131

36932 18113 39308 62797
12956 19352 17624 36597
-27651 -18685 -28733 -55035
-26316 -9371 -31525 -45650

6455 32038 -7158 -17886
9054 7352 13731 -3122
775 -32382 11823 19756
7564 33771 3196 -15097

10790 -3937 11070 2052
3421 3257 6190 -3290
-4760 3337 -9199 -3551
-9242 4465 -13337 426

-15282 15433 -11607 11920
3596 1082 1185 2255
-4704 932 174 8759
13628 -17438 16878 -12630

-4117 5235 -3186 -3132
-2680 1884 4986 -947
1153 5476 -2817 2428
-4246 1255 4573 3011

-1543 805 -5847 -2945
-2233 3780 10911 7973
-626 -3908 -7093 -2035
1294 69 -131 5105

-992 -3222 -1884 -5258
2882 -3697 -1817 -3678
-416 -3688 1546 2049
2178 -6033 1319 -7136

-580 -4597 -115 -1092
2934 1564 -2149 1026
-4450 814 -1412 5813
3790 2371 -1549 -7239

3999 982 -5865 395
6260 -5443 -3419 6062
3861 -2880 -2701 -1546
972 3186 1804 -1544

19839 -36789 -97624 -10701
-3957 -1774 3343 -324
-15066 30449 85201 11150
-13109 34344 91775 5008

-11323 -3284 -5598 9543
-3444 -6539 -6705 3280
-1891 2133 3997 -2165
9012 -2218 1995 -4143

10203 28410 -19498 -61482
-8175 -29522 24232 65403
17961 52070 -45069 -126317
-31465 -83497 72455 197672

-47664 11615 -36445 14874
9477 -7430 9457 -1299
20016 -4678 17695 -4315
-915 1478 1314 -2791

7453 255 12541 8851
-25175 24487 -105914 -61816
-24048 20054 -82777 -46814
1388 4743 2123 -2832

-1849 6411 332 -2892
971 187 4101 -3061
1170 -4246 4701 2387
4618 -1996 -3569 4404

-1165 -3839 -2354 -1349
14 -11623 -2687 4611
-4774 2472 4662 -2285
1144 -10002 -140 1336

-152986 -12858 -263136 157003
71049 2533 116867 -69319
110737 7234 192507 -116854
-40523 -2102 -63217 40379

2520 2570 826 -288
2201 -2174 7133 -1135
987 196 7678 2270
-1917 1098 -206 -1695

-7215 -279 -1595 8423
-2395 -2286 1067 8870
9625 -1602 -1536 -15991
349 357 -2720 1968

-72 2585 -1117 2295
-3758 -700 6310 -2158
1525 -2904 1906 2897
-6693 610 311 -4539

-15929 14791 24514 4306
-8927 7980 4497 4167
-23192 17810 27135 9687
-8744 11028 10678 6262

-51129 36 -22047 9590
39418 -4115 13388 -9646
-11370 409 -2037 -781
-41261 4073 -17862 6655

-5615 -25539 845 -24661
24598 57922 3907 62583
-13932 -39224 -5402 -40641
-20481 -58367 -5275 -64689

709 3566 -2209 9297
-1214 5676 1805 -3476
-4026 2434 3479 -364
-753 4758 -6360 10258

-1160 2726 -283 2788
1179 2883 -1362 -1816
6188 1624 31 -56
1787 -455 4583 -866

3871 -13681 4558 -3693
4026 -8489 6819 -278
2077 -170 3327 -2875
-8947 11188 -5513 2894

-6235 15832 -40773 33288
10242 -1975 4851 1050
2538 -13730 26085 -25455
-2342 -1477 -6088 5237

-4504 6135 -2341 4409
1813 1167 -3357 -763
3866 -1735 -6952 3793
-65 263 -10517 4536

-6664 7931 -6025 -11874
11355 -7555 5658 12282
-14936 16359 -8270 -20383
-2037 -2011 3388 -3462

-13867 -3116 6771 -8580
40576 10310 -4141 16760
26569 11319 -5318 8071
-7028 -636 3055 -665

-5610 5738 2266 -3174
3083 -3487 1562 -608
1628 -3129 -2994 -225
4425 -929 -1910 -708

-964 6847 432 3968
3668 5226 -999 764
393 -1902 -2573 -3672
-3549 3927 5055 761

349 1946 3864 2248
-1237 2032 -2821 -1836
8677 1154 -6314 1631
-4396 2194 2521 -5162

15 4169 1318 2693
-2222 1075 3382 -137
3685 5737 2422 201
1741 296 -4409 -5954

-2535 -10048 9178 2783
808 12656 -7786 -3535
-1592 2635 1456 3977
-2115 -3886 -1355 -761

-546 610 7966 -5500
-852 -7513 -11352 4237
-6149 623 -10757 16369
1735 7014 13753 -13241

-714 4770 40 5084
5027 -3485 1041 -2933
-999 -1387 2700 -3448
1613 1793 -2819 -857

3702 3631 -2917 367
-116 4206 1170 5137
10432 -4468 -16257 -5792
11954 -3525 -13024 -2247

786 4205 -2564 5170
1913 2682 3698 4896
-1803 1022 2507 -2806
3704 1327 -631 -1599

-2084 1972 -565 4094
-15862 -7156 13825 -5885
3419 2478 -3917 -2325
-7900 -1957 10802 -3017

-24098 -72197 -97146 51907
38865 81607 109769 -58838
24857 66310 85042 -42537
28560 49611 61947 -36345

2654 -1050 -9895 -5951
3034 5701 -2594 -5950
1057 2297 8791 548
8063 3381 -15401 -7267

-6775 5993 -4129 372
1453 -1427 3771 -3136
-1233 -1491 -1275 -1610
2591 -4971 3408 1742

-69 -393 -4712 -277
-2106 -2582 -2812 -1358
-12 -3371 606 2003
-2751 -1301 -26 2850

6178 -176 1198 5347
-695 1522 -3601 -3650
3004 2715 5397 4848
-630 -53 4947 -2307

-5699 -4016 3628 5227
5055 2303 -5869 -7655
-3227 -770 -440 5886
5208 -2002 -2078 -3629

5511 4948 -220 -1970
-957 -924 2942 2078
-2011 965 1512 -1694
-2617 -5019 1865 -188

-9104 -3151 3150 -6917
1472 266 -1774 -2633
6370 3802 -4944 5924
-3683 -4994 -714 -862

1448 -4580 -1242 1461
-8542 -6844 -1726 -1871
-7852 1199 4890 -657
15440 8562 -2809 7810

-618 -4040 -1035 244
-27 -29 -5766 -6020
-1492 3318 -4288 -3242
-2721 -432 -932 -3433

4675 -1394 -957 -1393
2248 -2268 -7706 -2881
-733 2210 -11293 -8448
-991 3975 -2922 952

1610 4701 521 111
-21374 -16986 17641 2415
-25886 -15982 17791 4206
39846 29385 -26823 -147

5663 2980 -1859 -2658
3836 -2445 -1256 -2899
15227 195 1762 -769
-4693 -1942 2086 -2348

596 -53 11825 32823
7055 -1270 15397 48452
5790 2352 15972 58271
2308 2484 8549 20711

2110 64 -1234 7530
2525 3807 2915 637
-1667 6442 363 -200
657 2725 -604 -5659

957 -1552 -831 4648
2985 2055 771 1434
-1898 1105 -2902 1144
1603 -3092 -3631 -309

-3278 1428 2123 3703
5115 3992 -1214 -3074
-140 -345 -1257 3553
-5879 -287 -550 2376

441 2936 1175 7656
-900 1913 6183 4186
-3454 -892 3752 5763
-2035 2138 -2231 -3444

-4510 -1155 4390 7436
915 -1185 -383 3284
704 3910 -6131 -4998
1170 -2157 -3870 -4879

-3509 -1492 -394 -2801
1628 6647 -1873 2616
-6856 -9332 -2888 -461
182 2424 3177 896

13946 52969 -4905 -2094
-214 -13190 3231 -2290
25534 75302 -10842 -15912
-23184 -72039 8712 17822

-2247 -2460 1449 -2334
-2047 -3537 -6148 -157
5270 1464 -188 -265
1556 -1400 2788 2686

4453 -1059 1766 4947
3437 -2512 5727 3160
-3739 2798 -1285 122
-7765 -1720 -11058 -3563

-16590 11503 40142 -39149
6769 -8911 -27453 26093
7838 -11243 -15026 21105
-7770 6347 20072 -24138

23371 2151 4085 21817
-3251 -3156 603 -1147
-28394 -6946 -5607 -28191
12756 3720 5848 9996

2773 20915 -9536 -5718
2517 -1141 -329 1716
263 -13476 8617 3082
85 -3476 -1270 -2990

1256 -8896 3505 -1612
622 23713 -4714 -808
3309 18524 -5219 -102
-1373 -2739 -947 -2873

-26780 -7575 -4049 -36166
11042 5344 722 6630
27983 4763 1168 32240
-229 451 3979 -4246

-4022 -323 -1998 1057
-2404 1801 881 -67
-859 1453 -4238 -4101
-345 2090 -533 2769

-8520 -1506 -1225 7644
4531 4229 160 872
-2505 -4025 6470 -1272
10028 -2778 71 -7993

-7567 792 10384 3224
1448 -3527 -9173 -2990
-7933 604 4917 6454
1515 3164 -4553 -1905

-3505 1833 2282 -13
7514 -10257 1280 -6848
3315 -10537 -1776 -7583
2613 -1828 5827 3908

-2601 -2909 27 2038
-1505 -3848 -1746 -4472
1817 -2137 -3110 882
2088 2319 4353 1883

-8323 15924 5428 17035
8732 -13004 -4938 -9685
-7203 13745 -264 15622
13407 -16721 -5004 -19810

-2371 -4609 -356 -2754
345 2895 -3194 4610
1590 -2742 -1243 1664
2826 1430 -2836 786

5871 2716 1118 14003
-41203 -5692 -11489 -60776
-33248 -10782 -12388 -56283
-6385 -1905 1227 -6736

-709 -228 4454 3196
-1427 -1919 -1476 1140
-845 -3083 1577 -1104
-5307 948 3470 -1465

-1938 -3196 -2383 -889
4118 -3520 -4687 -442
-812 2038 -367 -2152
873 -1019 1071 -2478

1971 5256 -4542 195
-3911 -4081 26 1735
2421 1646 2861 3367
-8763 6664 -9914 -4813

1971 1458 -1327 3421
-990 -2616 3774 -991
-5545 2524 3653 1975
2636 228 2256 -3952

-3089 -5163 11113 3852
-3786 5964 -6221 -1905
2026 -9359 6530 7743
796 -4131 1314 -1784

-113 -2028 3130 -237
-4416 781 -410 1903
1600 -647 -735 3674
2874 -3814 -821 -5170

4906 -3955 6716 5703
-31781 19770 33381 -23100
-11203 7781 -3246 -18503
-48061 24645 35994 -43182

5943 16673 18362 5347
4596 11881 21895 7911
5440 -637 7150 3480
-261 12997 5709 -4222

-4043 -4424 5964 -3526
-3368 -6700 399 -1098
3550 2288 -13145 -4854
10325 6926 -10120 2265

-3908 -4635 -202 18658
2959 3922 -2415 251
-1079 1959 -3476 -6452
4479 13361 1574 -35622

-2987 -1722 -2295 -1090
1255 -2966 -1494 2276
-1003 -391 2320 2445
-1399 -317 -3132 2035

6390 -6711 -5012 3804
416 -538 7339 -5914
1454 -3023 -3200 -1510
6775 -2821 -3063 970

32408 -32674 -23352 36587
32825 -42563 -31044 58413
-55667 56445 39961 -83527
-6505 9484 13388 247

6905 13701 2865 -16798
7568 11298 888 -12290
5336 2905 3067 -5832
3251 1260 -183 -6554

-147641 -4492 193184 -18676
-3209 -2779 7865 -2281
-132750 -6000 171010 -19267
-15207 2148 18874 -5745

716 -1655 -2792 -1278
3470 -3982 1057 -509
6980 -6726 -4020 3960
-368 -4791 -1530 4354

14531 26911 -26420 -4500
12785 30428 -34117 -211
-10033 -26518 25984 5024
-18243 -37657 42836 8111

959 1871 4378 2197
-1299 988 4241 -4400
2546 -2335 1204 4431
3035 3727 524 -1783

19171 554 -1376 6734
18378 5154 1851 9191
-27141 -4243 -1338 -6995
-14095 225 -3008 -4115

2644 -5896 -1928 -1072
3267 531 2342 127
2231 -2591 -6189 -1614
-1158 -2624 -10457 -7803

5799 -4923 4996 4367
3166 -1636 6935 1402
-5429 -1255 -823 -2028
9429 -2872 9382 556

-975 16841 5311 -20915
3962 8698 3066 -8684
-3074 4274 -2280 -1781
-6939 13781 7798 -15341

-8025 -7139 5668 5384
-38636 -22129 18087 13020
19634 11186 -7431 -9588
39562 25150 -15776 -13077

6748 -1357 -3305 -11724
-649 3285 4171 11192
2232 729 684 -11538
1708 2494 -4058 -945

-1454 33 2198 2602
-1785 4780 -3021 4783
2664 -8376 -1377 3159
1275 5382 5115 -2557

965 -19707 -2522 17998
-1990 -3410 -6532 10854
2062 16170 1511 -19193
-5633 20735 -4882 -14272

17199 -21352 -7945 4735
21146 -17475 -10766 8980
-11485 13473 2586 509
3968 1891 898 4615

65831 66151 102527 3090
-7778 -3380 -5968 3294
-33789 -39259 -54866 3265
-243603 -249300 -361520 3314

3623 919 -1090 -4853
1398 3862 1407 1223
-682 1007 -3535 2813
2493 -3617 -5435 1639

8067 417 -10910 -13419
14863 -705 -18474 -31699
12017 3919 -13714 -23168
-9490 -1947 19426 27044

3140 11659 5550 3444
-2132 13494 5052 -2048
4639 13893 3905 1457
583 24787 12681 -5385

1935 1357 -3660 -1398
2551 -3768 2511 531
2063 1695 7064 -3292
1257 4673 7136 976

9012 -75 2170 17733
7456 3150 -577 16490
4528 4779 5259 14733
3354 2716 1620 17587

18182 -16347 5882 -6717
-2440 7430 1129 -162
-2867 4419 -3919 1626
3893 -4145 -1156 -5157

11215 4259 -6853 1468
19679 10917 -18903 7546
10604 8359 -9755 -346
-20418 -12183 15849 -8342

1751 -286 2887 412
1332 -1721 -793 -2925
-2584 -3781 -708 -1653
237 2046 3262 -2381

2379 -2878 -671 686
1137 3249 751 1869
-2332 1290 -1962 1309
-303 -2139 1856 1615

-2930 1461 2285 6
1565 -3038 -367 3868
-1968 712 -2616 3600
-645 5480 2062 -1944

-1062 15438 8788 -747
-1808 -15569 -4255 -1446
4123 5282 4198 -3340
2500 -2207 -4856 -2375

-13009 -598 -6986 4093
-1705 5301 -6998 492
-5916 480 -10207 3894
30736 -1838 10842 5708

-961 -5749 3438 -3280
7738 9308 -6437 12703
-692 -5868 103 -5893
2508 967 1940 -835

-4019 886 -11055 12324
-1962 502 17831 -11142
-1002 6579 36016 -28623
4334 -4482 -48371 40216

-97 10576 -7999 3675
-2430 -4701 1639 4221
2473 -6025 6978 -183
2845 -2316 -562 561

1042 3011 -3390 -2100
-1961 4652 1185 -3186
3640 1719 -1296 1677
1710 1331 2068 -2301

1375 1561 -3032 -27
2399 4456 2995 -2732
-5324 -5609 -2599 9311
1832 10541 634 -12235

-7731 11299 -8392 8820
4534 -13088 10972 -4864
2641 3103 -2112 4336
-2687 11901 -3420 10055

-25890 12165 4728 26977
-8957 1434 5918 8984
4556 -2681 -2336 -592
-27566 17522 4206 33560

-2559 -1918 -2968 -353
4551 32058 17609 26679
-911 -14504 -12040 -15616
-1708 -1695 -4028 -6805

-718 1495 -475 -3100
1262 -2571 6021 -58
-5052 6254 -5325 3694
4767 -1358 3101 24

-8689 614 -10311 2734
-33013 4328 -49744 -452
-26787 -1616 -42605 -3878
5823 6452 18573 1617

1427 -538 -3330 -2897
-1128 -2959 -596 3141
-2782 2024 -2717 -1589
-1677 -620 558 -2329

-12053 -212 -2469 -6870
-2575 428 4128 1415
2339 9136 -10430 -4881
-6785 -9929 10439 -2978

-13996 -6796 -14284 8789
-20542 -5503 -19931 8599
8783 5282 12234 -3434
2023 4337 -673 2015

263100 -162610 106627 82445
323347 -193811 128696 98837
107422 -68203 45751 30984
163280 -95400 67142 52801

15022 57 8950 14550
-9292 2046 -6656 -5067
8157 6685 4441 -837
-21078 -7588 -6908 -12126

-5522 14818 14508 -7046
-6858 15291 9624 -6565
-10674 1500 -2149 -7785
619 3102 -880 -3068

3803 -5635 -3086 -273
-1662 3318 375 -3317
-17955 7035 -8398 -5610
-2913 1621 -3936 1788

-327 -6955 3172 11235
342 8133 -5584 -3738
-2407 1155 -2864 -2349
2690 -9694 4162 6166

19355 10452 10049 16991
-35477 -19125 -18228 -22363
58687 35187 25601 40567
-11599 -9820 -8713 -5834

15845 -23056 -1614 24725
-13298 663 140 -3797
-10738 18747 4414 -15588
18607 -6071 -4437 10956

1864 -1375 4015 -7059
5524 3485 -4651 3833
6757 -295 -8071 6966
6966 2577 -5495 -3143

36714 16842 30470 -23221
-5422 -1667 -6832 1803
60980 23298 43593 -34794
-34902 -11523 -27447 25036

37828 8322 6772 -10121
-41575 -14477 -6491 13680
-17474 -6866 -5027 4147
-23465 -5535 -1293 3785

-167 -2029 -444 4714
4383 -45 -7646 8134
-613 1493 -4605 3524
1356 3034 4097 -411

-1224 869 5943 5024
1430 -4989 9378 3814
-4820 3362 -4997 -4813
766 95 10787 3542

1426 -2251 545 -2317
-8321 6662 7048 -2066
2420 1035 2038 1249
-4988 1803 3933 1424

-4351 -558 7253 -2875
1958 -7230 1865 2001
-4075 2302 -47 -4067
2799 3970 -5350 -2577

-1758 365 2929 3791
-66 -3830 -1486 -4903
2993 -1823 -1956 2608
-5502 -1014 -4924 -8063

-7884 -11739 -14384 34623
-6988 -12808 -12965 24804
-17538 -14794 -21312 45259
-4309 -6319 -2199 9720

31605 14760 17941 -28901
15384 875 15514 -6044
51667 54688 37436 -85471
-80748 -67135 -51847 117048

-5169 2350 -2195 1880
-5189 428 5803 6961
5404 -15728 1477 -12855
-4522 881 4403 94

-1822 -614 -2495 -2568
3351 -310 -902 -5719
8082 -6670 -4766 -6955
5756 -2642 -5685 -4875

5349 1125 -7858 -7935
5228 1681 -13142 -5485
1253 1759 -12423 -7228
5665 -3330 -24948 -9501

-2874 -14181 11809 -1721
-6294 -21640 13298 3526
2052 20976 -12857 174
-3250 -3899 -728 1008

2158 -1357 -2234 -1324
-857 -3214 431 -1814
-1315 1890 830 -3162
-1774 -2429 -2627 467

3902 -2561 2325 -5288
-10463 3747 -9036 6473
-8342 9308 -15720 6004
-5434 3269 -9911 6613

-7034 -4470 494 -5942
-72816 -13389 64958 -16006
38386 5479 -26267 12518
6239 2374 -14734 -9583

-11305 -8803 4789 5441
-1375 5870 5964 323
3614 -3960 -1680 -4237
16742 16628 -4184 -1854

-5929 -990 -1175 1740
994 -115 -2539 -3359
-3015 2200 -3895 3134
6230 -3961 2581 -2085

-1471 -359 -1511 2081
-7088 4517 589 2375
8703 -3714 -5091 -4579
6912 541 -4666 -539

-4494 -4698 11926 -9107
13696 13703 -10100 12323
6507 13091 -13269 5477
-11025 -17653 19496 -18801

4270 3095 8414 3727
521 4185 7315 10754
993 3090 -2553 -4591
-3710 835 10797 9718

2771 1475 -4506 -2319
8493 -11673 -12024 -26610
-8321 8819 8686 15394
7330 -6937 -1204 -14464

14420 13225 -1284 -5891
12549 12858 2191 -6638
-678 -3896 1539 2110
5619 8568 282 -495

6220 2686 930 10714
-3476 -105 1419 -8301
4231 -1112 -464 1176
-1505 -2066 2316 -1185

11219 -1068 -2717 1891
6306 1722 -1828 4352
284 2271 -6443 5229
7648 -4344 1513 2089

68179 -14238 32870 29774
-2747 -7101 -11450 2092
31675 -2712 25007 6986
9672 -2179 -795 5011

-5684 3336 5188 2410
4927 -1049 994 1744
1637 1413 -363 3131
5413 -228 -5347 -4791

-3598 -3668 -3499 -3358
-3641 5557 2810 6633
12480 2902 -1245 5212
-10429 -1556 -2923 -8074

-10650 2868 8470 3151
12996 -10567 -4769 -8456
17672 -12642 -8326 -15230
13535 -4919 -3927 -9780

-5842 -3587 -6925 5420
6824 -2299 8223 -6362
11168 -2609 6446 -10863
1917 -4252 356 3976

866 -3627 1760 2450
3780 -1744 -182 3020
-3751 -1930 -2411 21
-3144 438 -19 2775

1790 -1968 -1934 -1066
-2744 1394 -1786 -253
3143 1580 585 -2045
1055 1614 -3100 1990

13712 5415 9736 8686
-6799 -271 -5915 -1057
15526 4313 6699 -282
33602 6345 15178 12705

11069 -18501 5607 13385
-19280 16840 -20236 -27078
-7092 13915 -3207 -3673
-9199 11349 -14925 -16194

9759 1720 13219 -705
-2485 -4268 -3009 -1810
-1838 -1263 693 -2877
-814 2005 -4336 -662

-4875 -434 3542 550
1214 2902 -323 -3323
-4480 2247 1215 1561
3832 1708 1383 130

-1074 3184 12147 -9269
6682 -5124 -15660 9419
-6450 -69 11574 -1437
2911 -6325 -14950 7159

-1732 4185 -1656 2554
3057 3548 -2408 2354
1333 4281 -3103 -1929
-1367 -2008 -8346 -5725

-525 -253 1428 -4486
4092 -2347 -12952 1502
-1098 -1323 11745 -2100
-1811 -2665 -3294 1981

2198 3504 387 -6509
-1975 3063 -3154 275
-10855 1298 -2008 5382
5187 1639 3705 -2652

3987 2239 -433 2466
2702 7243 5113 -9434
-3979 9495 7472 -8409
-2820 9187 11094 -4672

-1149 2986 2941 558
-23233 16721 -1651 6361
21300 -16852 4821 -2661
-1525 4246 -1836 2807

1849 -2123 1988 629
5462 4464 -4722 404
-2293 350 2854 3290
-2026 -2811 5966 -2842

3468 -868 63 -1947
-2099 202 425 -2419
-1020 -357 -7301 -6601
3027 3799 2834 -171

-2305 233 -78 4095
-489 3159 1739 3457
2803 2476 -3547 1214
462 6090 -3987 -903

26361 9271 40765 55219
112247 34066 162979 206833
-22232 -3376 -33849 -45361
-10561 -3718 -9369 -14994

5013 2366 -2963 -3189
5547 4112 -541 -7162
-5721 -16635 7112 11801
-8204 -16973 4802 11227

-1731 -1928 1036 -721
-4413 1123 -3892 2661
-2269 3179 -7187 -6049
10211 -8225 12171 5383

976 -2071 5568 -939
3372 442 1700 -8519
-4626 1971 -544 3976
-600 -2193 -905 -3399

4574 -1635 -203 4334
313 -4195 -1013 3284
3890 1731 -3616 -2786
-3028 -943 3532 -3211

2500 5993 -1364 -1816
391 267 2102 -3041
-266 5556 695 -991
-1574 1723 -1491 -1829

-263471 45566 134754 87998
-59092 8752 26853 19834
-120635 18168 59668 44069
-456246 80647 227708 157066

-1160 -3249 110 2803
-1450 1767 -3308 280
-4398 -707 143 -393
3033 1081 4560 2300

-3414 -1248 3584 1703
-519 4823 -5827 -718
-3289 12139 -9088 -8738
4341 -9614 10737 9974

-19436 9071 1979 10541
-7306 -3350 1110 6599
5050 -262 4143 818
25727 -6088 -1091 -18784

5942 -2289 1551 7005
-4165 -3315 850 -11942
11636 697 10162 23247
-9725 -1373 -8206 -27914

5206 9815 -13906 9273
5331 3577 -5206 -960
-8320 -7557 4571 -485
4176 1130 -3829 3178

-3581 3023 2352 -858
-4336 -3625 779 3998
1590 2245 2995 -5211
-532 -3169 -3828 1163

5704 6570 2813 5309
-7147 2849 -553 814
-6407 -2682 2760 -5608
-1655 -1332 -544 3617

117 -1526 1095 -4168
-4 3700 4512 -3651
4495 -4143 -121 2315
4599 -365 377 -2267

614471 -171204 -735826 606126
-199276 53476 249128 -193694
468464 -131909 -550952 457703
293934 -77022 -339044 286608

310 2074 -3492 1853
-6571 1764 1566 -338
-1369 1295 6007 218
11297 -273 -7994 -4595

28408 20896 -5452 10583
16957 21644 -2559 -455
-40730 -36853 11811 -13671
14168 15083 -1946 7367

3488 -1405 -2167 -1491
2783 -1959 -800 -6609
5374 -1213 891 -6590
-3403 5629 -2108 5844

5572 -589 -1830 -2091
6405 -2180 806 281
-1773 874 2757 -1630
-2632 4121 369 2786

-1556 7311 2101 12610
-4476 6467 -7885 3015
1274 1283 -2897 5882
1225 -10038 4334 -7618

16364 -1976 980 3709
39664 944 -4421 6911
-33030 -1040 2578 -1785
-15810 2432 3179 1547

3192 -3792 -4538 -1304
7628 -3748 -6165 -6055
-13246 6035 6492 4993
13171 -8505 -5299 -7303

-2917 -456 420 2336
191 -3430 -2307 1023
616 975 3913 1015
2063 2611 -1763 94

3189 -3070 2347 -2638
724 4469 -5188 1633
-1836 -3746 704 -3713
1956 1604 -5525 4545

-23511 12576 760 12113
-10368 8494 -303 2892
-9101 3193 3523 3762
-25810 14597 4676 15192

9498 -13332 15789 -5784
-17951 21100 -20167 13565
-22098 25861 -26121 9317
-464 -4628 1014 3730

-994 1730 2582 -480
-2230 24 -1468 1948
8038 9360 -566 3074
13763 13441 2270 7635

2438 -938 396 2349
2594 3668 788 -1733
1998 7057 -2383 3058
-643 1350 3616 803

4709 1078 7564 6818
5259 -5951 1156 4010
3506 9666 5482 8287
9035 4199 6965 7555

3880 2253 -2657 7068
-3544 -3893 -3234 -1578
-5399 2220 3036 -7419
4337 -1629 -5979 -3163

8966 -63766 -34812 -57374
8688 -31191 -18029 -23786
-106 3011 -671 -1562
-22347 124950 62449 107653

-5232 -10183 -3577 -6452
4863 17052 5265 6824
2577 23856 12337 10779
1427 -2725 1635 -3857

719 -4336 -4672 1104
4327 -1780 -868 -2338
-6747 1118 -5092 -117
1042 -2794 572 -2712

-4355 -3177 6715 4562
-2611 1868 5821 178
-9730 3777 8905 4342
3076 -3113 -4684 -4271

8870 3708 9424 -6488
3166 2570 10061 -5569
-3795 -577 1541 -4039
12363 929 15391 -9077

-6251 8897 8883 -524
-4428 7669 11031 -6048
-2373 11141 11279 -222
3414 -7048 -3762 3314

-2043 -2163 -528 -2190
-1562 3160 -3573 -383
-7940 -3600 -3383 7681
-8691 -1455 1416 9273

20207 -4789 7127 -2333
-13100 -228 -6147 4621
6497 3172 6916 -905
-3795 -87 -5032 3299

18270 201 13026 -18118
-49481 1204 -33261 37671
-20823 -1356 -8377 15081
81689 -4629 48701 -61987

1661 -3810 -928 -599
-22375 1390 -26353 16391
20935 -54 22257 -17013
-9562 3612 -11856 11007

-15925 -22059 1857 -15384
21250 30842 2091 18890
-23706 -40552 -2535 -26804
-2761 -4341 2377 -116

-1507 -1056 -2648 -2928
1216 2940 3292 208
-1843 769 -675 2739
2935 2780 61 -694

2447 -1898 5317 1154
4747 12779 -8952 2182
4784 6828 -6481 -820
1915 -146 -2899 2420

9950 -22662 4437 -13037
-11471 20259 -8697 13282
785 5824 -7295 -1232
-274 -5982 6112 -3749

-1698 2110 -190 -3139
-1479 -1420 1790 -99
2011 532 2205 2291
-2747 2230 -1349 161

-57304 -114134 397330 -405551
64511 138750 -492265 492585
-12028 -26401 82266 -80352
-49684 -112635 373511 -379657

-2993 -315 -8169 7758
-574 4317 10113 -12407
-4084 638 2158 -1792
-1419 -2094 -1965 -505

-4652 2843 36 -3553
-5396 1540 -884 1937
-2647 -1492 -2717 847
-1209 -1886 1845 -256

-106 -2038 -1356 2146
-2667 757 2628 -818
3317 -182 -984 4218
1436 -2546 1790 -32

-409 8117 9607 5861
1996 963 3744 -768
-1311 -4173 196 -1637
-1749 -6148 -7782 -7595

-1869 2866 -5235 -3702
-271 6058 -4399 -6742
2130 3124 -5080 -2096
-1209 4805 -2612 -101

-1618 -3171 -1059 1764
3390 2251 -2602 -899
1698 -1191 -2730 -3080
840 381 5464 2066

-15397 -12819 -8459 14260
20602 26371 17366 -22403
-20255 -20906 -16837 17051
-3835 -4970 -5260 6451

5028 3610 -668 720
-1129 -1120 470 -4753
2820 1951 4040 -1758
-930 3597 2217 -2168

17921 9294 -4373 -2675
9245 6959 -1359 -6292
6277 -1197 -1518 -1047
2461 1105 4207 -4133

-1669 -8702 6139 8370
-2129 5115 -35040 -36676
-2672 -2744 18684 17234
1507 -6952 20011 18221

-678 -7023 202 -58
8584 -5432 -6325 -661
-7819 10703 -1219 -1536
-16518 19275 5764 -6492

5904 5110 1407 4184
-1604 -15766 6937 -1615
845 12554 -1812 3017
4505 17178 -2164 -787

-2745 -4063 -2437 -2936
-4893 1914 1707 -7004
-5075 -4421 -1064 340
1788 -211 3739 1205

4366 -636 60 -1708
3624 -364 2857 3464
-8181 3461 4785 -3736
1974 3236 -1337 3336

-7472 -445 681 1427
6146 2226 -2782 5877
-7770 -5936 -1073 -4195
-176 -439 4713 -810

-896 343 3585 2951
690 -1139 1663 -1752
5189 3603 -5036 -2124
2528 4817 -4345 -5084

2933 6210 1799 -4478
-1213 320 5173 5239
1146 -4999 -2124 -11
6601 5646 -5007 -4645

-13005 11790 -22967 9777
-26643 13834 -37400 8892
-14520 11405 -19536 9209
33541 -26892 51873 -16158

1794 1993 1527 5795
-6024 -1121 -5158 -7692
-826 -1462 2009 1872
5598 -809 2381 8839

5779 2304 -8631 -2898
4069 6639 -5636 326
14804 11022 -12276 -7220
-19800 -10503 17861 5011

2545 -2342 -1836 -648
-745 -40759 -36959 37154
-4152 22170 18139 -23634
-2135 32098 22865 -28263

-4015 983 1245 -4258
1496 983 4091 11425
2536 -4357 5978 15083
3478 3545 1903 2199

-4870 -2803 -763 3529
1007 3162 4908 2909
-316 -4105 -2553 2476
5111 -1389 5104 -8080

3748 -2572 6145 1901
3344 -333 9077 4385
-1812 -2207 -1590 1293
-1813 -499 3782 -2058

-21364 17561 -10592 2719
-43949 42972 -11849 3160
1889 -9111 -3577 -2674
-7251 10045 -2237 -1004

4967 5511 -3785 -5307
-987 -5399 -2500 395
-719 1725 -2395 -35
4083 2141 -2493 -29

-2362 -1298 1687 -6697
-948 -1954 8425 -1687
-2225 -3075 -2890 -1962
5977 85 -5307 5119

-329 -1827 2972 528
-208 -3679 -3043 -3962
3518 263 1399 2164
-7895 -5995 -12240 -3301

-2208 -594 5422 -3014
4601 -1353 8265 -9108
1701 -2700 -4141 4299
-3172 2821 -6772 10390

12868 5342 6046 -14046
-1281 456 -1922 -2659
-3486 -992 -4729 5935
-15095 -9789 -10540 17680

-9454 -25085 -11791 1830
-6749 -13664 -13040 5205
7137 10670 4130 -3976
6568 20000 16086 -7852

1307 -2852 -2163 2839
185 3159 -2720 1460
-524 1304 3244 1143
-4148 3108 -1994 2064

-2217 5837 2084 -3898
-1088 -4409 81 -491
-6059 1770 113 3316
-3521 -5120 3058 5012

10680 -13913 -445 963
7606 -12978 2218 2996
-7022 2438 -4132 -548
13925 -20058 4848 -8281

16215 -1721 -52666 23936
-30048 -292 73705 -34408
18927 -7705 -52579 18833
36702 -1673 -98190 40624

-103175 -23676 12771 114041
-27266 -4690 -746 32957
-139922 -35307 11345 164376
28135 8920 -1507 -30798

-811 -47601 29243 12149
-3870 7520 -3545 -4216
280 32496 -14218 -4524
-3396 1011 439 2041

-38163 21422 -6731 9555
61719 -39175 14169 -15207
-35966 25691 -8792 12904
-23349 16001 -2225 4830

-2323 -20365 15972 -30271
10390 33263 -23238 52393
12029 34017 -29060 60676
-802 -917 3261 443

-1371 -2100 -666 3288
-1588 -1174 51 -3572
3221 -821 -7715 4562
-15071 5569 15085 -7926

-5720 -9710 272 -6705
-5077 -4918 4081 796
955 -5103 -4318 -3977
-1992 8182 1953 8705

-6990 912 1322 1864
-33841 913 18811 17269
1660 -2255 -3599 193
21883 2316 -10925 -8833

60139 223064 -155387 -248571
37454 140364 -94071 -157925
19873 82811 -59985 -98578
-107962 -425173 292556 464643

-2229 4331 -5328 -98
1886 -1862 5780 4273
6652 -1344 6101 4306
-3210 -1801 -5019 -1865

230078 -296793 219239 224170
357493 -468408 342132 357059
-225343 290308 -211657 -224623
-287474 375075 -270577 -284836

3396 -2298 5369 -436
-4002 -1408 -399 1576
7175 -789 1300 2002
226 -1103 -3949 -1723

8824 3124 -6134 -1989
1890 -2529 -2768 2921
-279 3798 -3864 1133
-11805 -7127 9066 -4752

-7878 5192 -5335 -2461
-6326 3750 -12076 -1055
-9674 5479 7314 4787
3621 -7252 -11987 -8906

2926 -2577 544 1619
5104 -723 3730 -3284
-3503 -1180 1679 -1148
3683 -3666 1421 -4522

1288 -659 1590 1406
2659 1223 2102 -3156
8229 4938 -145 -2816
-1003 3475 2939 2414

-2153 -4599 1334 -793
3295 -13486 -7622 -2497
-1668 5800 7490 7022
-1354 9443 9746 2206

-23978 21606 12551 -25670
4329 -11024 -3378 11075
2444 -5731 1139 4063
-4626 8405 5518 -5612

-141 -2377 4205 273
3048 2811 -765 -591
-3100 277 2278 -2430
-2929 -4996 888 -5379

-3636 725 1005 3221
2044 -232 4241 2897
-774 -4247 528 -3178
1046 1554 4146 686

1311 -5761 2840 5477
-6392 794 1321 -3495
1406 -516 -4958 -2138
-6260 1333 -536 199

5343 -7544 22721 -20031
-6871 6566 -13350 14088
-4043 -148 -7250 7397
-40 -1274 -6587 9016

-24357 -34826 5394 13056
23911 31909 -326 -16556
-35286 -42648 4626 20844
-45136 -56011 3523 23217

1774 -3075 780 -94
4467 -3804 13306 11224
1768 -6186 9199 13066
-648 -2747 5389 1943

-176 2589 -998 4547
-5217 -1575 -408 4442
-5502 6854 -13514 12418
-4226 4542 -4430 3639

3066 1341 -4939 617
31640 16072 -9817 -19065
-21093 -7513 6565 9818
-15916 -9323 3890 6664

-33 -7400 -9709 -6727
2830 2243 2824 -727
2637 5850 4756 4481
35 5338 -3303 -6090

2806 663 2556 -1975
-5504 -7620 -10829 -3235
2156 10999 13249 1140
4381 9365 7474 -1878

-1265 -3480 -7017 5137
-4276 7301 1235 -2489
78 1121 3958 738
3708 -1270 -563 3673

7872 17318 12170 -8387
-11261 -15127 -17304 8169
-6020 -14037 -13906 9729
-8081 -19816 -19374 6378

-4162 -8981 1771 -5649
-1069 2083 1818 -944
-426 4584 -3494 2370
1303 2611 -42 5901

8591 9418 7613 -9715
3373 487 10000 -11626
2464 6221 2073 5951
5393 5259 -3427 10466

5396 2015 -2957 -2728
1955 -286 -5314 -5223
-3569 394 7388 1333
-1031 4258 1567 -1593

-8193 -16079 -16864 20663
-2947 2864 1238 3577
2189 11274 12868 -17121
-4870 -8368 -12949 10787

916 2002 -6214 9610
-4260 -3331 6708 -2796
1478 -5233 3365 -4988
1304 964 -1368 8974

-123567 19446 -14749 148588
97357 -13369 14054 -114388
-282 2143 -2766 3761
26419 -1501 2782 -34701

1874 -474 -3869 117
-3579 -2748 114 -122
-1207 -3374 -749 3883
-3234 -1116 -4020 4951

-3995 4774 2924 8353
2842 -8725 -768 -8530
3128 -4743 -2858 -3037
-4317 1905 -1559 3328

-36245 -43964 7117 -22486
115133 123422 -26455 68572
-72277 -79593 9897 -46205
132301 139228 -24930 76905

-15745 26688 6129 19380
13272 -16201 -4321 -9549
11291 -22814 -5938 -12655
-8414 6531 6022 4864

1705 869 4066 -2060
20894 -3750 -40126 9703
90 -4460 -4640 -1925
5126 -3728 -6050 3915

-4478 -1744 2580 -11979
-1104 4688 353 3910
-1758 -1712 4361 -2655
301 -580 4353 -7167

10319 27063 11600 -12743
31598 62468 19296 -25130
27178 49860 20907 -23521
-20423 -46558 -15459 24219

5189 10042 -7921 -9547
3452 -2547 11708 3922
-3880 -9085 6644 16996
4363 -1147 2445 -3382

1857 5025 -3668 1163
2506 2545 -6098 215
-3872 1147 -1739 945
-1388 3770 -526 -3305

1867 -1067 12206 13366
-846 609 -2010 4634
-4090 5395 19329 20179
-1327 6598 14633 21969

-1620 7390 2727 7946
3613 4937 -1901 -4670
5806 9400 6339 -5305
767 4457 4322 -7359

1126 6301 -1031 -2869
-3783 -6182 5493 706
3576 11855 -10796 -5835
-3169 -2226 3919 3529

-2773537 -2155962 -3024104 480675
2753067 2140265 2997786 -476741
435216 334797 473070 -71302
1449285 1125432 1577627 -254228

-2745 -1740 -390 1556
-3145 2910 60 465
2215 -2690 4271 -4574
-664 -1785 -363 -3660

4540 1362 3333 -2952
10429 -4292 2914 -7710
2948 -2187 6034 -6611
-4155 3309 552 -1453

3083 833 1040 -6568
-425 15924 4158 -61668
-3320 -9654 1609 43733
4620 22723 1159 -79654

-9087 -3053 -13118 18419
-3163 30 1822 1372
-6456 1063 -11241 12315
-3279 935 -9804 13975

-3552 -918 2703 3255
183 602 2668 4806
-3326 -8391 -2492 16798
-315 -15229 -6028 18299

-726 2772 20510 12800
-1431 3083 5872 5768
3599 -1675 -22997 -16207
2788 -1560 2223 2904

67 3087 2990 2520
-10659 -1188 -1115 -4280
20412 3095 831 20838
-23053 -1695 -5307 -21026

1232 -861 -19 -5439
-20421 -3839 -16232 4005
-3222 2712 -6623 -1945
-14642 -3939 -15613 8618

-55094 87790 -108826 55475
-19921 28650 -33938 23145
-8768 21463 -22604 11603
-13626 18960 -19295 12593

-3102 6763 5997 -1680
-4154 3394 9731 4453
4511 -1633 -2630 -4949
5561 4541 572 -3799

4506 2547 -2746 1839
2681 3250 672 6158
3291 6630 -414 26
790 -662 2690 -4649

-6663 861 -455 -8473
-13150 18879 -10554 -4242
-15798 11356 -3585 -8620
-5335 -425 -1755 -2505

7389 1464 1753 -4207
-5408 2317 8183 10016
-13140 -168 6213 8725
11902 -959 4051 -2284

-929 -635 3146 2502
-2335 3409 -1982 351
-2140 -1203 -827 -4189
987 -4079 15 1542

13294 -104772 113350 -127814
8277 -70141 82502 -87802
11397 -35242 32295 -32445
8790 -62156 59203 -66866

8855 -7842 22287 1492
-5465 3653 -19319 645
3782 -7601 14385 -2544
-5413 1255 -9351 2545

6184 -6332 -3293 -1312
-6171 -7511 -9440 -1487
923 -4767 -7666 -2873
4172 7415 9938 -2130

28113 -15861 20772 15133
-43883 30865 -36371 -23878
35437 -27634 27333 21431
-6054 3405 -8620 -7726

148 -1665 -8865 7030
1323 -3982 902 -617
-7805 6693 21837 -9389
4969 -9641 -19183 6008

-1416 -2628 398 2401
4116 -2413 1395 4235
2107 -2144 -2396 9941
-409 -944 -1123 -4954

-11045 4930 -10164 2874
5886 -1811 2708 2444
1989 -7993 1087 -8605
5619 -7731 6342 -3447

42895 -9869 -4128 29275
25479 -350 -14733 17539
51332 -15131 240 41975
-2350 4768 2409 -4967

-624 4566 1210 3684
448 1314 -1832 -2041
3375 -4024 -1675 141
3043 -1608 1463 -1782

-2059 -2010 4207 1019
-621 2935 -1770 -3833
10 3922 -3766 1587
-2119 -2565 -260 479

6377 2409 4314 7981
8375 2347 8961 7763
11953 -2875 4378 8750
3057 -1017 -3196 -1378

15145 31793 23457 -8006
-20740 -17273 -63132 -40321
-4197 -3038 -7925 -8168
-304 -4168 17739 22975

-17580 20973 -8951 -17689
-9756 13960 1573 -8307
-990 2039 -3738 -6489
14548 -14001 171 11653

-7464 5515 7040 8232
5145 -7286 -4498 -8883
-87 -747 3406 3524
-2378 5593 6065 5175

-3733 -4486 -2739 2286
1745 2220 2805 3801
-205 5690 1447 5907
-3044 -3819 2014 -3239

-3181 -891 -174 -3804
3637 -2138 3707 -364
3138 -7728 4123 -1145
-994 -2605 3390 439

-3248 -5718 1515 -3100
-4524 3538 -830 1727
1099 -3610 2921 -5572
-169 3435 1444 5134

-3430 9686 6631 3761
6030 -6810 -2939 1142
7346 -19115 -12944 1171
7863 -14165 -13022 -697

-2191 -1944 -1128 -1861
-51 2163 -1439 1260
-798 2259 715 -1637
2501 2030 -2493 -1830

-2290 5790 902 -4343
6317 -4716 1661 5104
8082 -7230 -500 3244
556 -2849 3265 573

3226 7278 4358 4194
-856 -2900 2079 1247
3371 -2252 -5910 -349
5411 5496 4807 1114

905 1190 -179 -4635
10367 -4124 4393 4890
2593 -1087 -2513 -4309
-2795 -2557 1960 -1731

-15105 10840 25401 -4617
-12928 11326 16459 -2508
-2470 7027 8880 1189
-9827 4816 14933 275

40642 10001 -85571 83589
-94231 -24454 212296 -198617
-52275 -18563 118781 -107800
-60565 -17330 142031 -134957

-11690 -9288 -2625 29937
7431 3064 5559 -31529
-15058 -8928 -2140 9699
4390 343 -3941 11129

-16394 10169 2450 -12831
39104 -28188 8407 31702
81269 -40717 9101 49508
27925 -9631 1592 17574

3822 6323 -2417 -6026
-6251 -11753 -3411 -3224
11192 16278 5417 -1836
-8984 -8766 -1717 -2379

-5427 9232 -3504 1094
-9051 13776 -8406 -4714
2894 1764 2828 91
9615 -11415 4019 7858

2828 132 -3238 22161
1862 -1842 -3348 559
-491 -3441 3192 1254
2005 3949 2744 -27784

-14450 14711 -1724 -1189
-39120 37050 25870 -5292
28117 -34961 -48984 15374
-9235 16851 25526 -6713

5408 152 7800 -366
9018 -4903 8261 -1313
-1679 4747 -5962 -2808
-1326 5284 -327 -8705

-1030 4037 -1287 -4475
9142 1440 2689 657
-8213 -1247 -3514 -5370
6035 2873 6501 -5383

3964 3168 -1654 5272
938 1700 1222 -2757
-2489 3683 4310 5220
537 3318 -2442 3514

3301 1040 -1482 -407
2826 -4099 -551 643
-3570 2076 -1409 5427
-1399 1776 -2028 -5041

-1132 1157 -3550 1655
-5114 -1286 -4339 -6546
9744 7994 1205 6193
5679 6466 4016 5279

7882 -9115 1642 7623
2629 -15908 -5056 7609
-10639 13632 -3341 -5835
11251 -7415 11143 5597

-12550 6735 -5308 -7423
7572 -6169 957 7437
3893 -1686 2771 5939
-380 2789 -2858 2629

-4748 8118 -8790 6987
283 -1602 -2411 1690
-1801 11713 -12838 5140
3287 4547 -894 1540

-10077 -2505 6082 19522
-9358 -31 9532 18442
2466 -1196 1833 202
-7881 -3008 3686 9498

2307 -1238 3795 -2363
-5335 -4060 4668 11018
4148 -4687 2769 1086
1248 45 4881 4295

-1858 2924 3089 1604
-1364 6122 -2095 -358
-4435 1369 -3403 535
349 6487 -572 4262

-10276 12067 -14621 -5092
63878 -78984 120335 11263
48840 -54292 93907 8887
-79486 88319 -143585 -11700

3924 -3896 2339 2271
3103 -3014 3349 -5436
7488 -968 8186 -4686
6611 -522 2803 -2474

-1509 -3953 -973 4
-1909 1261 9 -2713
895 -500 3915 2973
1990 -3232 2000 176

2073 -3119 -5588 -10383
-4184 -998 5909 9505
-3040 2076 3229 2216
-916 321 -5125 -3315

-2124 -4342 -10969 6805
16408 -2163 14558 -23176
-18933 371 -15175 20532
-22861 -8807 -24401 31970

-1496 -4702 25647 -21229
2307 525 5471 -2011
-2996 -72 2107 387
1201 -499 -15409 16112

-340 17063 8514 19672
6919 43203 23117 42439
408 6344 8030 6442
-430 -11580 -973 -8227

-16329 7889 -28249 36979
-2100 3400 -13565 17848
2739 -5183 4911 -2238
8359 -3456 27561 -32403

-2314 623 -2523 -1225
-203 -2812 3460 -2497
2285 1314 5490 -1946
-1273 2573 530 3114

6041 -4319 1389 -5161
-2980 -1909 -3888 -3545
6634 -4372 4285 -8270
3962 2752 1004 -202

5161 -3068 -6597 9377
-3439 -5576 10143 -6124
5948 1424 -4596 2250
-9714 -1641 5595 -11383

-3454 6188 1698 -8113
-179 3893 -3234 60
-1799 -1345 -5415 15158
884 1833 1809 168

10662 14684 -10605 -10541
1343 -5945 1032 1566
831 -2438 -2861 3232
-6778 -12790 11172 10143

1992 2293 -4114 -11982
7733 8451 -3503 -18724
-685 4338 -2088 -5525
7758 6538 -7612 -17056

9300 420 4175 9455
12558 6429 6720 10689
24640 11308 4988 21294
25656 6546 6907 18721

-452 5704 1709 -820
-966 -5811 -7785 9646
-1198 2546 7832 -6358
3198 -7330 -3140 6041

1806 4497 2546 -210
-3725 -1556 -15 -2978
-611 151 -4928 -452
-1047 3453 1727 1909

87749 51014 82972 -162407
22375 15627 17031 -43648
48355 34687 44461 -91734
105528 88126 114595 -228790

-6214 4648 7230 -9633
-13239 6537 10870 -24699
-369 1492 4775 -4419
20551 -5060 -13512 31922

3425 -5243 2138 5603
-3833 1282 -3000 -149
-10379 6376 -548 -10961
2951 672 2541 4182

-895 -1238 1935 2724
-10852 -1047 5410 -3488
-6372 -3373 1474 -930
-1529 -1988 2248 -2399

3804 840 -765 -3862
-629 589 4327 -5164
41 2820 1947 142
6355 -3573 -2700 98

-7677 624 1023 135
-30191 8475 -11706 -10969
52359 -9124 16135 20503
21611 -1541 8184 7957

-12662 -29837 -5367 16046
-13443 -27739 -4111 17780
5105 14201 5244 -9921
9166 6652 7359 0

1344 -4424 -2595 -3810
405 627 -4140 403
-6732 7816 -9362 -5322
-2743 -3547 -2026 -2087

1129 4335 -4054 1256
-6993 -8435 9854 -8496
-3937 -4297 1125 -1026
3365 6491 -5619 7861

2648 -2886 -4007 -777
4696 1318 -5162 1210
-2068 1044 3821 -4173
-2190 3483 -1182 541

1818 -496 2097 1510
-3215 -6304 -2309 1364
-87 -5553 -5814 1497
202 8347 4461 3983

2079 1662 -876 -980
-509 1225 3549 -1575
-2701 -666 -504 -1475
-1094 1893 -1186 2294

-2867 1666 4974 -66
10112 -4125 -2243 -306
4907 2768 -839 272
6531 -6583 -4951 -5474

-1078 -3450 3047 3786
-259 8079 -1298 -2221
6723 -4783 2035 1699
1791 -3502 3085 -1773

-8447 -1176 -7029 -4932
-25992 -4282 -8752 -25323
3548 3920 1377 6214
-18108 -4220 -3368 -15886

2847 -351 -1577 -7264
7034 -3344 1233 -8058
985 1077 -2332 1621
-220 4552 3850 2977

1645 -2320 -734 -5050
2291 2748 -2442 2344
-472 699 4641 -969
-1326 281 -1199 -3874

3511 5382 -3798 592
-2836 -5112 13510 8533
-7235 -3564 17035 18289
7255 -720 -14073 -14749

207430 -463791 -59895 290174
-133721 304078 41902 -186993
-58878 121484 14443 -76028
50831 -113286 -17776 73262

6944 4332 7513 10819
1044 -887 1627 -3187
15643 2538 12889 16133
4243 -2206 5903 4812

-3319 5332 512 -6300
-586 -3434 -14253 -12224
6 6279 -7147 -14301
-1964 4240 -10537 -11651

-1989 1675 1042 361
3074 2235 1787 -1251
-1752 -372 -2629 4125
-154 -3526 1261 4014

-3580 5324 -6294 -1207
-3459 -1030 -1398 1951
7993 7066 7416 6565
11985 2357 18831 6467

270 -11176 -3308 887
2651 21945 15144 1217
-2236 -7626 -1726 3697
-3880 1639 2775 -3060

127 -12986 6884 8664
2846 -5701 5163 5913
-1732 6280 -2278 -918
-955 6828 -1367 -8277

18928 4595 -19040 16319
-71753 -8462 74542 -42272
8811 -339 -11653 7185
-11104 4177 7576 -2706

-5068 -19778 57421 -9659
-5802 -3167 12537 1652
18064 40023 -149148 13419
24912 43336 -169004 16116

3001 -3187 -3481 -8515
-4005 -832 -3178 -246
-608 2442 -2837 -1022
2262 -728 1649 4378

-2264 -692 3745 -1521
11925 5672 4485 -2500
-7981 10217 8175 -3720
-882 9693 10222 -435

-3462 3117 -214 7345
295 -6911 -3358 -11236
-2714 6870 3434 8768
4154 -24121 -2188 -30804

-25326 36131 229960 454608
-5397 11862 50453 107507
24785 -31882 -196512 -387649
-1186 10191 43709 86038

5595 -48214 36880 382
2904 -16145 10169 -1943
156 14852 -11873 2744
-1472 33114 -23517 -436

-36909 165171 -84536 -103447
-18797 81596 -40616 -56096
32557 -101755 45901 60674
57954 -216833 110859 134452

317791 324131 -32981 114922
104664 108061 -10183 34581
-327129 -329293 34702 -115034
171202 175731 -21511 60886

-3896 -46626 26196 -15404
-408 40717 -17653 12816
864 26255 -10401 12002
4363 -22847 9290 -10762

2131 -1105 3398 -2550
5249 6339 -620 1068
-6287 -5182 -2068 -3745
1489 -4687 -892 -1418

-3725 209 498 1308
-3418 3196 -1276 -1997
2422 3079 -1494 3354
-4642 556 -5101 -1021

-136568 138859 108336 17478
-55126 56639 41212 9163
-47743 45178 33148 3983
-73878 78249 58851 6270

6159 -1144 -7338 -5517
-1341 4278 226 6580
1933 -5242 -6710 -7277
2385 -1656 -6333 -9958

-4166 2166 -122 -1085
-4496 -10100 -12120 -9120
-3095 -17935 -24411 -11240
-1058 8853 14470 7513

-10198 44465 -195556 -371250
-6098 21286 -64007 -121860
8766 -24443 115643 222181
9658 -34580 160891 298574

-17196 -6847 15524 21015
38154 18774 -27508 -40022
-750 2196 -2179 1362
-31310 -12244 21584 26113

-1511 5101 1642 -3990
-8602 -1018 2615 -5651
-2993 -170 3662 80
-2669 29 4785 -7074

4015 -1181 3604 -580
-2588 2199 198 -1131
1571 1103 -2017 -1989
-3425 2976 -1264 3044

-408 -5770 -5151 995
-2353 -1830 -5352 252
-1093 -4915 1587 -2001
-3091 -132 844 3164

1806 813 2220 4001
4684 408 -2053 4918
5737 5155 -909 3873
-6057 -1881 -1426 -1502

1377 2223 -761 2872
-1506 -3697 -135 2912
-4259 -258 -1700 -2229
3265 -3193 -3249 3934

116870 -32674 -47464 160445
49886 -16427 -23371 66690
180021 -50465 -68872 240577
-78635 18143 28017 -101495

458 -1678 3211 5839
-8580 8152 -4835 -11839
-12043 587 -1306 -9626
2319 8333 157 -4065

-801 2823 420 -2660
-3023 -1447 -902 -866
1519 -4658 7789 1378
-4029 5201 -5521 867

-358319 42295 121512 420733
-76317 20853 27144 105589
418920 -59858 -148243 -506261
183046 -36428 -59088 -223242

13073 6639 56211 -45894
7971 4332 22006 -18284
-2527 -3228 -12795 7507
10858 2443 35276 -26939

-719 3047 2987 1971
3857 -1805 1975 -2912
-1655 1559 -4043 -2508
712 5362 590 6830

-140 1649 2014 -766
2616 -839 412 -1601
116 2896 -3731 -1347
2358 -977 3287 2664

-6972 -6228 -4168 -2453
-14869 -3374 -9267 -529
-6010 520 -6498 -3019
-7158 -1060 -2523 -3624

26886 8984 -1264 13135
31306 13593 -4730 11749
109715 59178 -16491 52880
123338 66926 -22829 63624

-1593 10494 2155 -19152
288 1290 3151 -7369
2150 -1875 1919 6885
1990 3858 -2971 -6746

-1143 2316 2739 112
2078 -186 488 3317
-976 -93 -2755 2067
-3013 -3323 -1159 -716

4945 864 -3865 -594
2554 -1274 -135 2071
3715 4527 1702 -4302
-4325 -782 -8647 12289

-20320 -1192 5704 55095
5656 1036 3110 -14833
-8412 -6601 41 25803
29443 6588 -8326 -67971

-49716 -25304 130189 -35041
-54036 -26312 143850 -34608
-35063 -16444 100793 -28592
21381 19458 -63093 14719

-571 4960 830 -2489
3032 -1796 -149 3289
-1637 3776 -1735 -103
1611 -552 -2772 -451

-8969 856 7560 5574
2162 4881 -7970 -4309
4779 -3152 1031 2416
5335 8721 -5751 -11896

620 -50 5267 5134
-3070 2035 2420 5351
1085 -2956 635 7799
2743 3429 -3010 -7260

-2756 30812 22422 34811
-6871 40590 35333 49806
300 13499 17477 19080
4844 -24664 -18696 -24725

-137827 -122326 235697 -50656
-36555 -23824 56292 -12399
-13064 -11944 28445 -2315
75080 63416 -120378 25541

3133 -3906 -7953 -9365
5727 -9354 -8132 -8653
-108 -4019 600 -5850
156 -9283 -8918 -13046

15141 8806 2834 -27833
-839 1120 3687 -2361
-22579 -3319 -3638 34892
-37486 -8721 -9327 55477

5418 1873 -4794 -3936
-9359 -1566 2547 3042
15326 -5765 -11807 109
-4941 -4155 1875 784

4619 -2040 -651 4652
192 865 3206 -4516
2153 3289 -248 -1833
141 -1137 -1354 -2955

-3292 3180 -737 -1212
-408 7077 -8779 901
545 -523 6135 2066
1825 3140 -5285 -2607

-3896 -1651 -3502 3305
881 8047 8125 -11774
-2162 -976 3722 -923
-4243 -8798 -7953 6208

2650 2904 1159 3775
11026 11985 -1484 1697
2094 -3683 -662 261
382 5358 3668 -2088

35369 -33833 -44116 -62864
249644 -202950 -284146 -419623
36497 -28340 -38958 -63686
-62226 49382 74595 109508

-1876 10646 -701 -3588
4864 -20304 15371 1699
-8101 11269 -14656 909
-14104 38687 -35455 5085

197 -2400 1205 -1621
-1376 563 -5794 -7145
-4040 -2960 16718 14259
-474 1467 18521 14855

-1221 61 1770 -2554
8577 13176 774 -2928
-21496 -28298 2720 10967
-14135 -14700 -1218 7962

1719 2330 3452 70
-5611 6148 2536 14265
1211 -1221 2014 -10765
5061 -8193 -1923 -6551

-5174 -1922 -212 -2049
126 11117 -15232 -8657
-1168 -2468 2815 5376
-3374 -9288 3871 2641

-478 -1487 3379 -4437
5581 -1601 7088 -6077
-3432 2948 -4316 747
-56 1581 3494 -819

-7324 -13975 2664 -17932
3191 4149 -3180 94
15464 17017 -2018 27572
-10552 -14647 6994 -20709

-9317 -8694 1724 -704
571 -6823 -2423 1314
-4231 2702 8336 305
-535 1261 -1839 3646

18888 994 16394 -6102
48046 -12760 53480 -20198
-56905 14059 -65098 20624
12664 -4096 18204 -7827

-16944 -28472 15091 -6113
24543 37234 -14049 8277
2501 4167 -1491 -3951
6958 16321 -3415 -1160

-2635 4187 -1869 3082
-1136 1263 1097 -1749
4180 148 2999 1595
-3996 -148 -203 1040

-1304 -2662 -3303 3129
5553 8929 -3152 -6631
-832 6797 3085 -1093
8517 5293 -5614 -2290

-1332 -2869 2141 1759
-3345 2879 1781 -5373
468 5105 -812 -162
-450 -2994 -3051 3509

2240 7446 -1150 6585
3725 4344 -4687 4321
3693 4079 2564 3409
2283 2138 5038 6176

-1913 1440 -1802 -2043
-4286 -5108 -1325 10849
-334 7155 3326 -3770
2912 7275 911 -3657

-69 1032 2555 -2407
-11370 -6558 1520 5995
8058 8218 388 168
11649 6337 1048 -1449

-605 -1880 -6771 10239
-281 1933 734 3599
3022 3765 -4678 3874
3908 -1189 -5683 10011

-4356 -12822 3048 -13021
-711 -6264 5035 -9057
-2167 -15267 3836 -11385
-2043 -626 2672 11

-7711 -6190 798 4857
-13999 -7764 6767 5169
-19273 -7062 1926 4559
-37831 -24806 12098 8385

8791 -1920 351 -8455
-13114 -154 -8262 -67
176 -3347 -3262 -2124
11870 2882 5401 551

-2271 251 1370 4351
3167 110 4366 5774
5969 -8439 -15595 -8319
2536 1233 -6031 -3031

16803 21510 12130 2072
274 -3746 -14280 8669
-6254 -11530 2357 -341
-457 -3938 12568 -7976

-1335 -1100 -7779 -2198
-2697 -3071 -791 -3284
-2872 687 -4290 -5368
1089 3620 8679 8210

802 1282 -6339 -9261
7568 -14 -6825 -13122
4872 -4589 -9084 -16684
-8216 6190 8360 26637

-4196 -13190 -7959 -71
9812 -1002 8752 -4449
-1193 10435 -2039 4493
-4651 14815 -2613 862

227 2219 -7470 8855
266 4573 3562 2595
-2699 -1413 -895 3686
2535 3781 -1742 10407

3959 4618 4646 -2459
3295 3223 11135 -8492
-3585 -1065 4965 -270
2963 -104 6849 -3016

13015 5754 -6857 4110
6099 7907 -13359 -9271
-12780 -9053 11308 -6042
-5262 553 3697 -7466

-319 -1715 14007 -10485
7110 -6928 32825 -19631
2864 2357 -2806 -755
5484 -10251 33721 -22377

1939 -399 4475 1419
-4314 -4161 940 5269
1663 5870 -5367 -2268
132 2180 3271 -2931

3713 1282 5465 -4718
1530 2505 8357 -11704
-1708 -1576 3099 -1460
853 -1789 1724 -5602

680 -3590 -474 -1055
-3963 2211 5667 -4797
-2545 -1269 5751 -1623
-2208 -3990 -7181 4586

3849 -5196 -2356 -5130
4275 -2008 -2677 -1340
-8500 6810 -698 4584
-2631 -365 911 7243

-190 -3082 1071 1935
6718 289 -2309 2228
-4613 -2576 5549 -2298
-2466 -2008 -611 -2785

12059 -15108 -4435 186
-6912 -4413 8478 -481
-2236 3570 4375 3148
-13031 23019 2975 -5553

14688 21819 10618 1037
-14133 -18027 -6427 -199
-8825 -23858 -6302 4738
1612 -4039 2774 -2296

51736 -104143 78931 38453
30663 -58181 46459 26475
99856 -214064 166388 76737
-27531 65631 -47154 -26516

-3178 2699 -1498 -1986
-5 858 4880 -9930
3136 1933 1602 -7560
-864 2085 1234 3152

3003 -584 -2467 3853
-2211 9281 4398 3669
-4267 1828 -813 -984
196 -7477 -1150 -1211

-29963 24141 -18034 24931
-10702 2945 -4731 -962
29428 -19455 11418 -18631
-13900 17098 -7978 14484

4584 8633 -4457 -4639
2985 -2150 3265 959
5416 1741 1062 -5970
2061 5335 -9146 -1194

60044 23590 -24733 -2736
-7456 -4113 -367 1815
55881 26699 -24678 -2472
59192 26583 -26422 -6722

3013 -8301 -2886 -9308
-322 6586 417 2999
-27854 21042 -5771 24800
-8455 4791 641 4060

-9886 7787 9082 -4874
23290 -24184 -25398 4194
-1305 4390 1257 -2811
13244 -13317 -10904 461

1391 -2024 -1131 -3369
5097 -11105 12443 -1204
7066 -6325 9580 -6152
11562 -7157 8701 -6435

-214 6714 -2961 -1200
-6709 4241 -6796 -2603
-1553 -2615 1122 4556
6280 -11132 5732 7284

2506 1212 -399 -2543
-1986 2066 -5311 -2916
-556 2713 -6066 1955
3972 -2680 -3784 433

-4755 -10961 -4977 -7427
-1229 -8282 14619 -25500
-7012 -19162 21156 -40319
3115 -2377 9687 -8158

-3629 1926 -4920 1057
952 393 -1032 -2430
4977 -14979 2208 -131
6082 -8915 2126 2250

-6646 -3910 -1758 1711
-13934 -13918 6659 9018
-4143 2580 -1097 3425
-5674 -7834 4729 -407

-71 -18598 -7888 3851
4202 -3795 401 2210
3572 -23184 -12364 5278
-2014 -7417 -7961 7736

5095 1960 907 4789
-8270 -3583 -1648 5253
-21082 -2063 -10221 12388
6031 -2720 -599 -3499

-21211 -29524 -43773 -19647
16757 21827 41116 18207
1051 -21385 -47658 -34230
26936 23746 31433 11760

951 725 -10512 -19036
-3501 -6545 12217 22849
-111 5108 -7528 -19179
-1534 821 1702 9038

-4555 -6883 503 -4028
3052 6698 -3565 8750
-1480 3450 901 3719
-3767 -3125 -1007 -4560

-5751 14754 7783 18292
-8064 8351 8860 16476
2376 -1650 -2348 -9083
2289 -8954 -7679 -12858

451 -729 -3920 -5784
-5538 -12881 -3230 -10636
-6259 -7928 -5969 -9679
3375 4318 -1947 4094

-2320 3265 2750 1348
-19770 1322 -7877 -3482
-14649 340 -2730 1575
9260 1216 2729 5034

-3108 5972 1422 1273
-15019 19487 -3035 -2728
4321 240 -1866 -2761
-8943 17387 -6216 -1713

1147 -10631 12660 742
-6501 -2900 -8574 -2941
4236 -1196 13005 5561
2761 545 712 3192

-589 -636 -2496 3026
-6342 -5659 3617 -9429
5397 1214 -2156 9579
-414 1792 1078 2438

-88339 162639 -166644 13365
101337 -183828 192680 -11141
53337 -90235 95662 -7067
86190 -161877 170632 -15202

13454 -5868 16073 -1000
2191 1791 1780 2422
317 3974 -5164 361
-12403 4434 -18234 4255

2454 -3174 -25918 -6122
3062 685 -1047 -7099
-3626 7692 25670 -6902
1653 2884 -2079 560

51337 -18337 -28764 56230
-32750 6417 19189 -30761
6922 -10111 -8811 11528
-7227 2906 7055 -11176

429 3667 1568 -875
-7068 4798 -3205 2493
173 -2335 2044 -3805
4873 731 8412 1920

-4110 -1087 -2720 39
3568 3509 -288 1099
2050 -1783 -2116 636
1474 5131 1218 -3840

10048 -4405 -18302 -9130
-4535 -2669 6128 1630
-13702 7212 26608 7120
-347 -770 10851 5248

-2426 708 3153 637
1956 -1489 -2123 -3819
1063 -543 2108 2474
-1270 -3907 -3415 1228

9521 5800 2766 2938
3131 5362 8180 801
11286 3326 2962 323
841 -3231 -618 1937

11979 -9058 -3983 -8707
18318 -18916 -4026 -8051
13018 -14865 1415 -7122
12939 -11271 1933 -2588

-2465 -2032 12705 998
1083 3717 -15 2756
-786 695 -13401 955
-1604 3224 -5930 -270

10431 1194 -4049 -3355
533 1059 -2820 2130
7582 -3576 955 1942
939 3040 1395 2277

-11543 1067 -5346 -2239
-11010 1677 -10245 -7313
19645 2046 12377 11054
9898 -1250 3487 8353

412 -273 -4417 6625
15289 -4335 -23914 15056
483 1188 -4374 642
-2387 4258 8906 -5930

2104 2416 -4998 -6072
3627 5167 -162 -9816
2226 1992 -4728 -11569
9612 222 572 -11449

804 -3257 -1735 1173
1437 1279 -1031 1681
6089 -6632 -3513 -2078
-575 1269 3444 3190

-1889 2354 -3576 4221
-217 2098 3359 -147
951 3906 847 13932
2936 5730 1001 9813

27173 80796 52858 129086
9096 17006 13678 31264
18771 54721 34605 92005
12157 43795 30354 70734

720 2624 3013 1014
-342 -2574 804 -3304
9610 1645 -9861 -7088
-5457 -2910 7936 6848

-43823 16201 -43464 -7721
-25140 4501 -25375 -1893
-22264 6314 -23711 -6403
-68073 23316 -63942 -14245

-4157 1552 -6248 -1045
181 2061 3317 -2605
-11433 -1929 -11244 -1086
-5167 919 -5319 2589

-5302 9903 1307 -4623
3573 -6295 79 -3237
-17189 8783 206 4987
12638 -17101 -5875 1627

43 -4584 393 -2190
-2204 -3514 -1947 1958
-612 -3495 2940 5494
-2660 3747 1513 -1076

-2101 -2052 3842 433
551 -2299 -4602 2559
3091 118 5159 -4511
-5130 -2919 -5278 1981

8381 -2155 5767 -1496
-3938 -3184 -1147 -514
10223 1426 5520 -4759
13249 -2402 4288 -4874

-16256 9510 -27211 26186
8647 -958 5142 -6901
7154 -5879 7292 -10668
-5737 8577 -15994 8956

-9593 -1304 -18371 19830
18857 7440 32188 -40499
9632 5783 16150 -17892
-289 -2706 -9494 9619

-7041 11596 -8704 -3916
3173 -10957 9311 -2753
4880 553 -3644 -2623
-5881 4971 1656 -5606

22682 5102 25366 2554
30210 594 25859 1330
-9499 -1510 -6414 -2013
-19220 549 -18856 -5129

-4960 333 4499 -27
-621 4959 6807 -4482
-4979 2335 -938 3077
5898 -7929 -6096 6969

-2895 -3842 -1214 2290
5252 -8954 -7444 3835
-3225 -1386 -2983 -2342
9880 -11664 -15226 10385

-3818 4041 -2688 -1424
-2003 518 5194 -1523
-1221 2723 5545 1257
-5316 2871 -3660 1782

-213 1970 4554 -5012
-857 -5187 -1537 2337
4426 -14548 -6683 18017
-3827 3669 4490 -4997

19110 33459 62380 26793
-2177 3132 5518 -991
11036 8425 22634 9651
-9434 -13952 -29328 -15639

-1135 -5218 768 3106
-4538 -69 7998 2912
5722 -3588 -7655 -7550
-7188 3380 3064 3653

-5895 -4119 51 3991
6990 -143 1352 2350
-88 1075 3236 2329
2614 3955 -3458 -2296

-3928 4201 -62 -145
2806 1590 2610 6114
-1127 -3328 136 1274
611 -6425 3116 -2433

2392 683 1644 1280
-4031 1845 -2356 6853
1479 -843 7075 -7444
3715 2506 6997 -10337

-5174 4822 5475 -4710
-599 8597 -4241 7907
4290 -838 -19570 8263
-3062 3952 18260 -10386

-2332 -3936 176 1546
-1470 806 -3205 -3243
-3334 535 -2540 725
2227 -1832 -710 1922

7244 -685 13776 -9829
10150 7898 13713 -10328
1277 1859 8046 -4467
-798 1323 -4582 7222

-1783 -11546 -4002 7280
-8118 -1771 -5292 -1259
-20878 -15637 -11997 -4148
-29394 -20741 -13543 -3523

782 -3377 2119 -581
9003 -18577 -3756 8810
-3586 1269 1831 1190
5777 -17027 -5940 7128

-93 11338 -6970 -4414
1456 -1295 -1893 -1692
8164 -3306 5776 -6492
1622 -9864 10110 -1260

-106127 -1275 95724 68212
35072 2030 -31836 -17487
-89430 539 77760 52956
-73339 -2317 61869 47764

15667 -3483 -12502 18673
-23539 6646 8036 -20401
2379 9251 -10216 3918
7624 -1398 -2774 1302

1247 19583 11398 -38210
-1635 -28681 -24567 73386
-2486 -5921 -3237 18144
-6825 -32769 -22498 62390

-1141 -689 1540 3059
-6040 -3888 2277 -3850
-1820 2339 2644 -2182
3773 -1051 684 829

-16907 -24017 -2970 23678
-9156 -14732 -2935 18985
9085 11395 -1939 -13349
6446 14191 -478 -12471

-2283 1873 4052 -840
-1503 -5784 -1326 8590
2779 1265 1027 -10
-5957 -3927 -4194 12241

-812 2244 4725 -6631
-4272 1322 3056 -6081
-3301 -10925 6154 4076
7327 2948 -10054 3145

-4611 -6528 499 290
-1855 10086 -3583 -604
9054 1176 3221 7281
-5756 13272 -321 -9028

-1444 -1314 -4564 -5104
-3870 10147 -9420 9052
-1900 -17934 5996 -15339
3133 44523 6220 33024

20750 -106310 -88194 98572
59328 -265209 -232128 255343
23793 -133045 -114892 125028
-67159 297835 258904 -291255

-19150 -5657 -28118 45403
19183 4111 28316 -40216
-18209 -718 -22893 38039
-7997 1296 -14996 20829

-693 1103 2286 -2163
-10816 -4672 -20069 -4671
2231 4 8282 4408
7880 -645 14323 3041

7460 -582 323 -8839
-5362 2698 -4071 8538
-10287 1295 -4093 8493
-4088 5633 1839 5138

-3134 -3718 -2031 598
2253 -1295 -469 1675
-3616 1088 -3097 354
-1522 -2078 -4844 -3366

-4532 1522 1781 12122
-7845 -2242 7070 8251
-11059 -2408 3014 15371
-13017 734 4845 15611

3273 3566 4794 -3233
-2140 -3004 -9473 -6278
-2749 -7560 -4047 -501
6416 5865 3771 1005

-10503 -22377 -8729 -25672
5801 7192 5866 5869
11653 25140 5232 25714
-186 -7608 -1349 -5517

-935 2001 1852 7891
125 1944 -4400 -6543
-5922 -3949 890 -2762
3789 574 -2524 3888

-4566 6906 -5661 -2102
4812 -3141 -831 -1804
1179 2533 -4546 2418
-1053 6763 -2020 1869

4186 25858 28569 25750
4881 17487 24699 22027
4871 17610 15379 19802
-1156 -22390 -21609 -27270

2650 4752 360 2779
-49 2412 1229 5312
-1511 -9555 4862 -6000
-3219 6778 -1885 1666

-13781 -26410 -30605 32435
-2853 -23690 -21534 28310
8452 22503 18543 -25368
9055 20732 23056 -19833

-4623 540 4139 -7076
-10607 -2470 2983 -32174
-18045 -1633 -2909 -45481
-7470 -3524 1819 -10766

-50124 11379 16475 -26428
54454 -35174 -14022 14285
-20059 13067 1779 -10168
-55390 25733 18560 -23741

-342 -1596 -3322 2355
-11933 -3934 1791 6222
-7215 3012 5558 3726
-3296 113 -609 -349

2455 1019 -4108 -1153
-597 3414 505 -2355
-3215 190 -1521 -1200
-3922 557 3646 4822

-14079 -1900 15889 18971
-2362 2643 9234 6822
-4879 5366 7862 8547
8629 -1172 -12526 -18759

5379 -5734 -11342 645
-11194 15335 10033 3412
-5309 8647 -2421 8434
7001 -17367 -9384 -4619

-1812 990 -2568 -852
-2001 -1623 -1205 1685
-1357 -1770 1127 -2252
147 -1524 -2665 -294

-33542 -17472 -37767 15753
24332 18759 29056 -8321
-24402 -9178 -22310 10259
3687 -2914 -1205 -5691

-2854 -4523 4740 -3258
-2597 -8933 3813 -10743
-2397 -5205 -784 -2470
-9290 -1936 5755 -11330

-8527 3486 8870 218
-169 7093 3344 3656
-1433 -2848 4878 -4376
-10680 -5979 6967 578

10844 5738 14018 13331
48 1815 -2557 -2298
10039 3654 12815 8338
-14872 -742 -12819 -14487

2082 -3447 8999 7960
-3314 -3299 -6407 -1751
2145 6512 -1503 -1036
-5641 366 -4947 -2627

5175 1466 -2408 2328
15921 8790 4731 16913
5615 4022 -534 10499
14880 3118 628 20566

-1003 848 -4739 -41
362 4512 -5732 1699
-1061 1233 595 -1988
2360 418 -1071 -2743

9104 81 2446 -1235
-3854 -2635 2245 290
-3498 -1889 -3202 -3136
-1192 622 1606 -2539

4045 1217 -186 -6773
-349 -3693 1640 1341
-4632 7763 2390 22570
158 5552 -1795 20773

3516 -2873 -2623 -502
-1709 -2621 1226 -1334
-2572 4383 -3916 -1536
2917 1214 -1223 -3712

107 -3402 3593 -4050
-3046 -2299 5796 -3638
-4525 5452 -10074 -11699
-2186 9607 -10699 -12664

30598 4785 -31239 -5454
934 -2263 -1951 -4487
-18852 -3378 21376 -1985
-44885 -11710 52401 6241

-4006 17492 1211 -10056
13696 -15772 -9395 13710
2573 -3696 -7905 8185
14153 -28262 -9097 24621

179867 -28892 34430 -215966
10323 2120 -729 -10996
131377 -22357 20526 -156441
28337 -6294 5095 -28177

6082 -5968 -11139 1557
-1314 2229 5424 -3772
-444 -2705 -7493 -2288
-4921 15088 14942 4333

4472 -2899 -3859 5162
1151 -439 1203 -3739
1418 2310 1416 -888
2334 -9791 1245 10370

522 -2501 -271 -4063
7422 -4471 1196 -4447
-6621 1677 1373 4686
-732 -1889 -3720 1736

2694 -15248 4954 7128
7002 -13255 -3792 8287
5223 -6445 502 1625
-1788 8387 -7946 -5429

89 -4522 -12406 -2130
-160 -3624 -3502 3054
6395 -48 -3114 -1738
-6617 4790 9179 5727

3030 2302 4526 -2198
74 5136 3272 -2341
4050 4815 958 1700
-5360 -5010 -5422 -4040

3288 3818 1560 10995
-3014 -5882 -4385 -4816
-2780 -1130 1942 -2112
4187 53 4041 1077

-12889 -7745 -10240 13901
2948 5234 4675 -1691
7278 -165 4559 -5957
903 963 -2118 1570

-1061 26523 -25549 3270
-320 32825 -26193 7674
-5257 -13226 10187 -3660
-4036 11109 -7475 -1371

-10519 6402 54322 75466
45880 -20170 -66914 -120044
-25006 10958 50427 77888
-65145 32620 89373 159649

1254 2259 5751 758
1507 -841 -7356 -4925
-2591 1511 -4006 -1454
-2614 -2198 2113 -583

6198 8182 -2737 -2384
-801 -7406 3735 5860
-1538 -5822 -18186 -2573
290 4254 4956 3687

19957 11364 13507 -23090
-14456 -10192 -10249 9918
-13944 -4753 -4835 16983
-2950 -1566 4520 14768

-1137 -714 4052 -3446
-47453 25477 13553 17899
11097 -10059 2598 -1109
-16143 16347 -274 3986

962 1330 1727 -4596
-4470 1892 5346 -557
4168 -2489 3061 -2945
3530 -6507 -518 -2663

7767 1632 -9896 9830
1383 2928 -8726 9162
3574 -2124 1183 3618
3566 -752 -12368 7655

9638 5372 -854 -8888
-8928 -5768 1064 15650
-2588 -5850 932 7608
-10152 -1500 5997 11758

-1047 -3392 -2635 -1259
2354 -2946 -1114 -1227
-2108 13919 9979 -5653
-2755 3936 6292 -1049

117292 -204325 160889 283454
79504 -158553 122540 208898
39242 -79289 57002 99746
-23927 50374 -38458 -69141

901 -1913 850 -5013
5267 -36322 -24247 -35522
-429 -22279 -11954 -19344
-4109 4771 2347 4397

-28263 -6881 -15300 -5421
9016 5843 9172 2381
7076 3021 2574 3108
-29054 -12221 -18557 -2924

-3030 2017 -2470 3501
3544 7718 -180 1243
2528 10043 -611 -3258
-658 6790 2337 1179

-693 -8741 1364 6488
-1235 3445 -2082 -1190
-859 4651 -2537 -6909
-2236 -2967 4512 4685

2556 -4790 1055 -1728
-638 -3301 -2922 -3479
3369 1406 -1247 -853
-2123 6309 2751 -928

-4826 -3447 -4948 222
-291 4797 -1059 2399
-39 -976 -4483 4140
188 -2437 4613 -830

4785 -4435 -1012 4848
6701 -1943 3949 7989
2863 -1528 -3313 6438
-6030 5955 -3375 -11064

-170248 293304 190759 -525692
-46780 82001 53728 -152408
257166 -439292 -293081 793621
127274 -224052 -152710 404292

-789 2974 2663 -28
-2537 -719 -606 -2138
304 -1985 1453 -2913
-1602 -2600 439 220

5305 4315 -5413 335
1055 4837 -385 2961
-9729 -7157 7281 -8505
-4971 -3198 493 -277

-24157 -13938 25904 -16777
31781 12589 -36059 26760
-10670 -5256 13932 -12717
20948 8350 -28954 18557

-4363 -3324 -5978 -7677
774 -3855 7137 5779
12889 -1421 17331 15136
-8138 3291 -11871 -18544

-7997 -4239 -64554 67392
3238 4144 15754 -15781
-1460 3737 11205 -13112
25159 15076 155320 -172207

6762 -1129 1813 1524
-1728 7928 9060 2622
-4258 -2806 -11378 227
2265 -3251 -8784 -2354

-1091 2484 -2606 3919
-5112 -2140 4056 2569
-1717 8643 13535 -4175
-3080 13125 19949 3231

5995 2551 -6858 -4430
463 3190 -2220 -4536
2186 1115 -8037 -3047
916 -4131 5167 -1257

-1967 -2993 -5527 -1753
-9671 292 -13604 -6378
4056 -1262 11213 6079
-18945 -1260 -35646 -24871

-25529 976 -24959 -2294
-31610 3069 -29810 -6008
-13411 10395 -20881 -289
6997 -1046 3266 -2512

-1789 1012 1340 -3473
-5834 2214 -3413 -1215
517 1887 2611 1942
2565 3042 1747 -2123

-2132 -4261 -1897 -1389
-2603 -1954 -445 2984
-674 -2191 -5665 -560
1834 -5813 -5475 -432

2309 -3364 2994 2713
2645 17277 -11245 -25920
3967 8761 -3423 -8319
-1605 -9858 15078 18500

7244 -6181 13606 7077
452640 -202811 775615 569420
-88336 37406 -152203 -108121
193695 -85504 338323 250595

26970 -3723 27970 12213
3484 6603 8935 -5516
9422 -2550 5908 10553
-23488 7935 -14394 -15865

2230 -1853 2575 292
-1254 4935 1728 -327
-2936 2107 71 -3402
-383 -1378 2817 3220

-18994 -7653 11987 14212
-2455 -1282 3096 -1867
8663 7004 -8005 -8351
2501 -1487 -3108 -4554

4959 13073 9048 11140
8525 8190 6461 4123
6936 11497 7608 2659
-6985 -11933 -13650 -7651

-13734 -1418 -15597 -4262
9995 -1330 10004 247
-46 1734 943 -4198
-1792 -1205 2421 -3725

2706 1211 1924 -2458
-625 2185 -2811 -2355
-3138 -2809 1762 102
289 -1725 -2974 -1494

11773 7063 -1722 10193
-3387 48 -1439 -3179
-2143 587 2678 -2511
7518 6716 -2388 10421

-3625 1482 2633 5683
-6390 -12798 20101 10405
-5944 2226 907 -750
-10424 -10527 14949 8395

-5029 3511 -21369 4500
-948 -2891 15529 -1727
1728 -2626 -988 2140
-4011 -1710 -16437 314

-1189 1663 2907 535
2269 1187 2869 2723
6 -2230 1760 3875
-1931 2032 -2792 164

6455 2650 291 3660
-10382 -7661 559 2610
27549 23086 2480 815
16714 10843 4124 548

-505 -3881 -3892 -1369
-1735 2458 -1620 1693
929 -4315 -4251 2105
-1380 -1971 1982 1073

-2800 14207 328 -21922
-20105 12078 8533 -43155
31359 -32096 -6173 84017
19998 -4250 -9591 40373

296 -400 7131 -4363
-3367 3725 5206 -5024
-930 -2293 -4374 5118
17 -3691 -2052 -891

758 -1841 -1838 1073
1662 1658 1308 1912
-6305 1386 1467 4133
601 4245 -4375 1184

4988 -4830 1548 -4303
-4134 1763 418 -831
1078 4577 3680 -1515
-1473 4211 -3353 770

1059 368 2208 -3702
-2411 -2733 2852 1697
-3296 -3397 308 -989
3965 -981 -5541 1853

9570 2403 2561 -6561
339 3545 -2513 -1550
-2036 -2182 -2649 4266
-2251 -1842 -1079 -1269

-6609 2924 2813 9523
6344 -2993 -6155 -6041
-5613 1336 6743 8636
328 2867 941 2421

2843 5409 -5314 8020
5979 498 -972 -18088
-15181 4036 569 32146
11338 5206 -176 -18270

-4821 -2379 10333 554
-2114 -3048 251 596
3192 6349 -13605 -6261
-918 -473 2038 6431

-4287 -3971 -5477 -1849
1366 -1555 -1362 4974
7456 784 8610 -4296
13710 4172 9656 310

6217 9539 -1118 -33513
-11312 -11696 5772 52676
15163 14897 -4544 -54925
16076 14550 -2347 -64421

-871 -2130 3290 3980
14768 -1060 1984 -4145
-2547 -4264 2802 542
-8304 3358 -167 -1320

1975 -2351 99 -3345
-11177 9206 13153 1427
1394 3187 -2667 941
-8279 11090 12443 4548

3923 -9152 -4163 -6868
401 2205 2855 -2183
-117 -9258 189 -8151
-941 -6992 -6830 -9810

2845 2490 6293 8424
6335 -1462 -5452 -924
614 -1858 1610 -1759
3030 -10823 -14038 -9415

-1055 5254 588 5481
4000 -3528 -2590 -1098
-1654 -8008 -4626 -2667
-1781 -1262 2763 775

-11963 -18075 8433 -3765
-28513 -31257 20871 3980
-22617 -21894 18064 1818
13988 20475 -14304 333

-6073 142 -3657 1885
1608 103 3288 -3557
-5889 6959 -3977 2078
7884 -1050 1144 -4941

-4457 4374 3179 6121
2156 -2775 -5300 -13203
1478 821 942 -13302
2034 1435 -1656 5454

-97715 -6040 -166773 -72233
-164552 -5170 -271781 -122443
251625 13646 414299 186216
-132962 -4604 -214704 -93336

-4897 2678 -52 -925
1465 1624 -1582 1586
-3998 2740 2612 1528
-1372 3102 1912 -1581

-8114 2591 -9805 232
4598 379 10644 1023
-10530 -2282 -15045 2553
-3516 -1176 9 -2477

-3440 -2925 -4709 1494
1552 -3095 4966 789
1499 -5823 2027 -2407
3473 -2718 -1255 1644

-385 8371 -2110 -7769
1956 15325 -11946 -3879
-6207 -16201 14983 7898
701 4710 3587 -4954

-1247 -603 -1916 1411
-63 -2394 1936 2720
1559 -4172 -861 1113
-1497 -2160 -304 -2558

-6837 -2080 22398 9278
2395 158 1300 -2713
-5256 -80 5794 816
175 -4742 -2825 -4685

-5197 3001 2689 6212
11025 1640 -3810 -16376
-4873 -1465 3659 4753
-10136 -210 8433 19270

-68290 -27695 -1593 97292
-44922 -16326 400 60303
16743 4066 3394 -24395
25646 10840 2009 -33751

105606 38592 4741 -88472
-78738 -27450 -3266 69359
48797 15247 244 -39755
-133487 -51475 477 114481

-4929 2107 -968 -3927
-5893 -8070 -2614 -1808
-1442 -3343 1667 -2433
-3471 2494 1906 -1234

2897 -4770 -3623 -4989
40635 -32341 -14764 -37790
34986 -23434 -15941 -32443
-26393 19996 8829 29144

2294 3091 -723 1887
-6368 4083 3146 3635
5055 -2451 -6029 -4439
3327 1139 2509 -3449

2021 -1292 -473 6066
-1861 7554 -5639 3009
303 1523 -3631 -5683
5463 1867 661 5205

4889 1708 -1175 -1125
-1280 -4192 1126 -2378
-2414 -1639 4256 -3102
-2027 3676 -2483 -479

1200 -1159 -1192 3285
2253 3317 -1202 -1101
-3520 3411 2937 4825
-3381 -1411 -2664 91

-3338 -5902 6396 -3629
-309 -2977 -4076 -3415
2169 -5688 8704 -4264
3461 6079 -2467 186

-3009 -1165 992 3426
6066 -3045 1333 -2616
6540 -3933 3743 -6870
-717 -2339 -1683 -936

-17729 -2115 -18212 20348
36311 5803 37321 -29821
-13489 -4458 -10881 6333
-8294 1908 -6380 8811

-2472 2825 -1045 -1618
2097 -2774 -4478 -7345
4388 482 -5517 -1938
-1191 -796 -391 3829

-17954 5392 -9392 13169
-33842 3207 -16263 25978
4973 -31 5621 -7723
36112 -6619 14938 -29748

-2644 -197 2220 2589
-846 4859 -620 767
2627 -3696 -754 1667
1681 -149 3092 -679

2549 8160 1189 -5892
5317 5935 -3215 -11222
-2641 -8795 3779 12779
-1613 3751 2748 -3768

4923 -1843 1099 -5571
-3795 -3935 -2351 5259
4104 3044 -1394 -1782
4969 1085 -1354 -10680

-29971 -13200 -19999 5176
-8892 -2365 -8511 748
-20955 -6676 -11417 3195
-15232 -3565 -10811 5812

22270 -36082 36273 27870
18875 -28298 24005 20672
-12646 19138 -20760 -19499
-3083 12352 -10601 -9396

-2883 -4380 4199 -4245
2094 1138 -2216 -3353
-1099 3921 -3459 -466
1795 3072 -11304 -2764

-14866 2174 19680 11390
22065 -6864 -36388 -16331
-36479 16345 57727 26824
17761 -10097 -33183 -16993

-33763 97171 -29092 -1968
47261 -140327 45776 -2753
-24267 89865 -32944 5013
-32842 87503 -30224 -4642

-5365 11966 11783 12943
-4888 9743 9303 4466
22391 -23880 -20950 -9125
15028 -11839 -14339 -3056

-3174 7526 3187 1416
-6927 8484 691 2629
-330 -3745 -405 -2558
4350 -5627 -6898 -7047

433 2406 -5116 -1240
1409 -214 544 3490
2295 3497 -891 -1642
944 -4616 -65 -3013

-1311 -5254 3238 -6163
7872 -22663 3444 -18088
4715 -7175 2041 104
-1454 8707 423 3538

-1947 1526 -3256 3817
-1115 733 4025 -4365
615 2023 -3559 770
1409 1063 5540 -2460

-1403 2293 -3068 270
-2850 -866 -2546 -2773
1917 -3065 -4689 -2902
-7867 -21 2555 7843

241 3807 -1711 -1441
5615 -2296 143 3456
2064 200 -2966 4804
4295 1000 1981 3699

-6466 31020 -21199 2406
458 -14095 4403 -450
5043 -47743 26682 -9317
11049 -37439 25114 -6437

-5350 2308 1433 4545
4611 -1858 -3826 -1440
-1640 -3521 -2159 1220
-2139 1876 -1145 -1043

-1433 -347 3363 -2177
3411 1961 -3652 -1395
-4594 2184 3021 -2571
-811 640 3676 2354

-1132 -4195 5363 -2910
10491 13411 7784 11722
-1393 3540 6301 4343
6771 7730 9799 11930

-3134 4424 3689 -2655
-2339 -4347 209 -204
-1509 -1252 -3643 1147
1194 -1654 -4250 -2160

9140 -1767 7023 -13489
11883 1979 3280 -9113
-16907 -2218 -12724 20444
12183 -2454 10001 -10513

1912 3162 1232 1043
999 -8442 3581 -1251
-1496 -5507 2541 -4198
1858 -8117 704 -4915

51421 -21828 40714 5423
140610 -54137 103917 19849
-35287 10267 -23485 275
-168334 65770 -131196 -27850

411 4679 -2238 -2975
2265 1131 1137 646
3991 -3952 -183 1017
3417 -371 -4134 2277

11682 4934 5884 -7378
-3245 -3431 738 2319
-14046 -2516 -6269 5507
-7814 -2123 -7574 -1106

-32818 29772 97299 5380
-15648 30072 70919 -5450
84497 -132142 -345633 -1849
-9365 24985 62191 -5637

-11924 6228 -1481 5806
11691 -9041 3851 -7572
1471 369 3389 -2084
-8293 6662 -3858 1556

2169 -1349 3483 -1274
1122 -11723 -2277 -9093
2869 9414 1666 2418
294 -3692 -3344 1443

-4174 -2289 8915 9211
12524 13730 1506 -3949
-30540 -29491 -8369 14800
-34587 -40261 1585 28773

-2214 1136 3112 -1361
-11817 -26014 8942 10233
-12932 -26484 6442 12959
836 -643 1349 2919

-7664 11899 -16439 6176
5950 -3868 1473 -2287
-4162 827 -3560 -1188
-11126 11748 -20317 10566

2319 7056 6465 1588
-3644 -617 2430 -543
1195 8543 7294 5960
1274 -4941 -1388 504

362 -4229 -3583 -171
4538 1913 197 1966
7198 4256 -5556 -786
-7122 1246 6174 3818

-499452 -414699 281915 -285469
391427 318230 -224210 220054
-210745 -169194 117113 -122322
-351435 -289645 194056 -200695

3560 -2694 448 -591
3923 -4747 -3020 -4285
-1538 -1426 1331 -2121
1382 3380 1783 -557

-2654 -21527 -39276 -124181
-11218 -18642 -39249 -126117
-175 -9464 -4246 -21019
5634 24451 45640 134096

6135 1480 -3695 -3780
9543 6665 -2910 -3036
-4548 -276 -1090 -80
2301 651 1473 -3492

-18146 -19636 -3221 4141
-11547 -11017 -4589 4400
-13472 -19071 -2666 9717
7440 5662 -713 -1921

5958 -3141 1917 -3602
4127 -1256 -1141 -420
-3555 -888 946 3374
372 2672 741 1431

1036 3894 5292 -4868
1981 -3770 -13558 4608
1595 407 10391 -4323
-1009 -1356 -3605 -3161

3760 -2111 8878 12448
-753 -760 6782 2465
-3155 1241 -2415 139
-4661 -1591 -10040 -10092

66235 42432 -23158 41216
-11646 -10379 9208 -18500
56354 27246 -12716 25832
-32759 -22742 21195 -30262

-3066 1526 1740 -4036
1358 -2667 1552 -1397
4165 -3155 -7637 3368
-1315 -2820 112 3421

2799 -4936 -4944 -938
-2302 4803 234 6648
-2072 -3030 2129 -664
6335 -8162 9572 -8309

-20157 -16098 -1754 8708
-22506 -15427 -5100 5451
6272 7016 -1993 -217
6594 9512 934 -2261

-28743 -14953 -9823 27438
-26659 -17039 -13066 27058
-3355 565 -3172 2353
8542 6470 928 -4785

-967 352 -1818 6416
5887 -7210 9660 -355
-5940 102 -5875 6861
5120 -8587 3465 1629

5727 -12814 -12948 -360
-8257 14794 12642 4121
-948 -342 -2370 -2351
4837 -3290 -7025 -1529

-6849 43255 59964 -9729
131 -14455 -15276 4003
8241 -26398 -35193 6992
1131 -3165 -5318 5552

-2106 -17 2686 -81
1231 -1908 2269 -212
-562 -1943 -540 -3074
-2333 -1689 895 3883

871 2886 -6179 1917
-755 -2245 3971 3063
-4033 4358 -2626 -5622
2302 3319 797 -1549

5406 -8735 9263 -2597
-4834 6102 -905 3047
1622 3025 -4220 -2941
-4246 2636 -2578 -899

7691 -2098 2307 -1548
3263 -3652 -2939 1467
1778 2742 5031 3683
-289 5361 1267 2897

2986 2225 -1478 -724
-3900 -3250 -1126 6559
2451 -2556 -1066 -188
-2695 162 -6096 1720

-45 -568 -503 -4210
7546 8223 4187 3386
-9586 -7033 -904 -7505
674 2521 -3990 2290

1404 8969 2405 8146
-1217 9041 431 11070
-559 -2900 -4290 -4918
-4397 8011 739 5837

-2474 6785 -2356 -7058
-6756 5190 2963 -5836
-5704 4488 589 -637
-1102 6525 1288 -6219

-697 306 5827 4832
-510 6357 1012 5209
-5211 -6475 -3727 -11667
203 939 -1407 4056

10422 -5387 1475 -7705
-4627 -1246 1653 6719
-761 -2234 -4665 1278
-16694 9418 2298 3726

2294 3765 -1478 5240
1430 1687 -2752 426
5483 -3319 3734 -3879
5538 1870 5569 -1784

-726 564 2081 2681
-8034 -2180 -6100 -287
5201 -2185 6309 2489
4131 2015 4611 -6818

523 2305 -8135 -14818
-3365 -11459 19314 7170
629 9456 -20531 -3628
-3159 -489 3683 -1218

20910 9606 -26507 -42904
-74497 -64073 164614 196313
-44007 -36199 87499 114368
4689 3623 232 -2292

3461 -2513 -912 -1765
-2712 -7020 -8028 6133
-3126 3157 5461 9448
-6167 -3478 657 10248

2124 -2148 2267 -320
1044 1387 1011 -2397
-1192 -121 3612 -162
-921 -1503 -109 -2767

4241 1818 2185 137
-1453 1563 3393 -1569
3877 -3007 2439 109
-1413 6852 1910 7114

6278 11341 4564 1182
-2029 -32256 -27708 -3307
-185 -36276 -28807 -1035
3727 -5132 -10636 2653

-253 -7255 -2188 -408
3451 5610 -1224 -2134
665 -3604 -142 5422
8205 -11416 2467 982

4350 -8190 -7543 843
-2272 828 -816 3155
6050 -4279 -5432 1792
-212 4523 -3997 -2680

-6068 4233 -3468 -5092
-598 423 2088 -3887
-4345 3099 532 -2217
-478 5679 -3304 -3468

4247 3196 -415 -2568
12818 -9749 -13866 -2395
-23315 18690 21303 9900
3572 917 1147 940

-10397 -4243 7651 885
-4895 -6912 10935 -1451
8872 4708 -2296 -4137
1150 5323 -5217 4098

-15836 -3836 10646 6143
400 -2618 -2100 846
8455 4455 -3448 1061
5849 2570 -8658 -6279

-3182 -15007 8649 3068
948 7839 -1389 318
-6002 -14600 5636 2929
3209 7463 -4302 1879

-2912 1702 -1488 16
121 2649 2128 -397
-266 -361 5868 4359
-2403 -1113 -5852 -5877

-5078 13 -8174 -4425
2988 1379 2514 -1513
-3204 5009 -1560 -1698
3237 -1322 -319 2213

2187 1602 8340 -15169
-11058 16399 21599 -57420
4813 -14127 -18301 47881
-6022 8687 13835 -41890

10185 11568 -900 1969
-2110 -4044 -2615 2095
14600 11092 -172 -5600
-1998 -8324 3350 -1078

-556 3319 -939 4870
-1173 -2044 -1265 1282
-2924 -242 3066 944
-2497 3306 -1427 1747

1048 1323 -2817 3123
11243 15524 512 8208
5135 11090 -2563 5935
-5221 -11890 161 -8908

-12771 1855 2392 -6393
16029 -2291 1263 5666
9888 668 -1119 2161
-352 2231 2075 1230

-21645 -2193 -19225 6574
6729 -2906 11172 -6136
5109 1612 9780 -2313
9853 744 10308 -7874

5788 4600 3412 3297
-3435 -6219 -4575 2365
-11654 -11351 4773 -12336
7850 5433 -4463 4359

-652 3408 2017 -5497
-2921 3813 -3671 -6593
4128 -4974 -1103 1061
-1925 6579 -3665 -2299

1117 -7007 -7707 -1623
-3058 -2415 -5560 -3589
-2805 -11491 -13340 130
317 3090 9469 1947

-7329 -5946 -1751 -4294
3096 2564 -4974 -3886
-793 3554 76 -4913
-520 -7914 -2116 -1647

-6236 -9083 5822 -22893
261 4589 1302 13748
2395 6992 6548 12777
-1133 5456 -790 6078

-4370 3199 -4190 757
-3580 2348 1629 2099
-3414 -3075 1322 2100
-812 5662 -4944 5494

-3484 -5961 5818 -2459
-6767 -7200 9382 3076
4372 5647 -2784 -3818
-2381 4864 -2525 1142

-231 429 1724 -4385
-7048 7408 2071 6484
7092 -6987 2133 -6119
-1260 5608 379 430

-6475 3507 3457 3464
3851 277 -1155 -3820
-5690 -2935 8883 1434
3154 -1541 -5181 -4356

3990 -889 17404 -16910
2820 -4090 -7882 3852
-841 4022 -3870 7354
2582 3095 20215 -21160

-3516 708 2092 3055
214 -1734 1742 -1981
-1397 -2300 2855 5577
2541 1554 1786 -2574

-5859 179 -1853 -7928
-873 2959 144 -2397
-619 -2707 -2034 -6754
-5029 7621 -4335 -459

3525 -561 1393 3315
-1534 3181 -2576 -182
-2330 612 -852 2152
4066 4072 6408 5258

4210 -14578 -56 -14809
-1240 -7614 6323 -12715
12080 -5712 -3633 -11280
13139 -7586 -4426 -7115

4000 -4597 4229 -4432
1211 5416 -3756 1583
3563 890 -5229 4158
3049 -786 4006 -122

-1507 -4271 9913 4346
2907 3221 -10374 -453
2880 1513 9465 -1842
3348 -1971 4510 -2985

3012 1093 338 -3175
1450 -5909 -1650 -4102
1869 -3354 3312 -1850
-1908 -6444 2745 -4251

-40538 -23061 6902 48211
-85503 -35200 7248 95580
-11803 -4936 4592 8653
24052 7099 -1575 -29787

10105 15124 22234 2273
-12461 -14388 -16962 -6057
-1061 3798 -468 -1447
-2110 -4494 -12846 -3417

15083 44860 6473 -57341
-674 -15305 -692 14935
-16526 -17399 2380 27023
11329 18586 -1254 -29255

-2231 1967 4694 -805
-15580 1916 7377 -13579
-774 -2678 3135 -723
-8294 -2152 -217 -3141

23008 -215 12396 -33254
-3118 2258 -238 -1473
-2540 3475 -6640 2782
-8533 -3706 -1679 7150

-9425 4584 -11837 -13986
-1901 -1979 371 -1350
-11265 3073 -17998 -17520
-4338 1612 -8881 -12155

36034 32409 60661 -36386
9943 7414 17122 -13733
-21629 -19460 -30678 21234
-2100 -6653 -8079 4225

3657 42436 -15588 39703
-1552 9470 -10911 7029
4109 11658 -1537 14592
2633 15379 -9710 11005

2896 733 3379 4033
6868 5419 -5462 4190
-391 -1202 565 3804
-3782 6148 -6398 -3988

-209 1218 1406 -2515
-4490 933 361 -2359
-6164 -4230 5036 -2064
-5343 -105 7928 2849

-1843 7342 -5500 1264
4969 -6650 2440 -4247
2116 -607 1796 2976
-2657 7296 -2335 -1462

-446 5797 1877 -336
-5087 -6398 -6291 -1629
-3529 -3421 -1983 -3385
665 -3085 -3283 -2318

-1608 23 -2247 1522
-12779 7723 3194 -7151
13843 -7712 -7264 4323
27753 -22268 -7974 10330

-867 7667 2561 5177
-3325 8053 6277 2062
-7726 8524 5720 6528
-3629 5478 -2261 143

20857 -188549 -119077 -137862
-8136 69578 51164 55779
-7891 33589 19529 25403
25424 -213155 -130235 -147437

-11245 12107 6099 -3525
-5108 850 666 2466
32605 -28978 -20862 -17086
19480 -21185 -10419 -8132

259 234 -751 4481
4713 -576 3165 5796
-809 -3054 -2713 -2751
-4944 -3433 -51 -6106

-2773 -7829 -596 6037
-3420 -1837 -10750 8326
2394 3815 -8436 6056
-1480 8105 -1266 -1183

-15430 15019 -7073 11960
11202 -14023 10873 -11313
-6022 7176 -7048 2273
-7487 11392 -3177 5701

-1510 224 -4305 -1807
-6444 -2632 -6398 -1567
2013 -2514 1245 -2315
1505 3472 4110 -751

-1265 -873 1489 6798
1670 571 4165 4558
1172 -3785 -1055 -7701
3724 462 -360 8729

-979 -3074 533 -2345
543 594 2496 -1713
2228 -518 -2388 -66
2145 -4045 158 1267

-13077 98 -1934 -11128
-36064 10342 -2889 -19835
-3532 4292 2636 -2629
-20640 9752 -3435 -12426

3060 5055 -586 -2828
2966 -4889 2077 -2101
-9457 6460 5103 6308
-10391 4399 1129 3018

1628 4512 -8467 1652
2663 5360 -4006 3957
-2933 -4897 4156 186
926 -7642 5912 -1314

69575 -4340 -14104 -5036
-118882 12378 24053 11756
-84735 7480 22716 12513
58942 -7868 -15477 -5711

3252 -3602 1935 -330
20 856 -3087 2873
1781 -1509 -2005 -1748
1592 3388 1585 1755

-8187 8808 -2289 2452
9478 -21594 7721 -12918
5410 -21642 8428 -9076
16423 -20679 42 -12759

4022 -5210 -6240 1232
-2893 2815 6327 2430
-12303 20187 12687 7507
-8197 7950 1407 5140

2139 -7220 325 3790
15102 -17958 5947 2925
988 3840 -2584 -469
5560 -6492 3782 4012

-1634 6825 -174 1117
1715 -1822 2486 2919
1807 4009 -5939 4498
1069 7108 -1382 -1803

-3739 -753 -2392 -6403
-75 5352 -1450 -8513
4695 3459 -4241 -2835
1061 361 884 -3616

3539 -4134 673 1565
-3760 5019 2553 -4198
-735 -5802 -1680 3582
828 -131 -2582 -2283

3228 -2492 -5407 -4538
2651 1783 -2254 -3297
3672 1853 -317 1872
-4287 2777 113 2963

-2620 1032 -2403 1995
-1311 812 -1275 9581
-2130 -3191 -5006 15717
498 -218 -5715 13151

-3442 2350 2680 924
-3919 2462 -4597 3676
1791 2200 5511 -7756
1982 -6064 -1530 180

4128 4279 13163 10791
-3031 4363 -7598 -7293
2093 18562 -5453 -187
-5111 -488 -7949 -3504

-1072 2828 3299 -1564
5187 -595 2008 865
2355 4041 372 5631
-4378 -1510 742 -949

-3188 3966 1228 -2619
-979 -3008 -2633 3623
-3331 643 5428 -1696
-408 98 -5848 -4778

5396 -2980 -6423 -5795
-2215 5222 808 3938
4117 -5464 -7703 -4219
7733 -8134 -4473 -4541

243 -3063 10103 -687
12384 -11364 2264 5162
-7387 4850 -1892 -6111
-1637 3395 11687 -5684

-23735 -7620 18495 18504
-18694 -5102 20475 12463
-14912 -9304 19725 8950
6486 -544 -7151 -10816

49593 -15621 -87439 -87097
9362 773 -19626 -17225
70696 -18090 -131002 -132345
64530 -18774 -126026 -125128

4762 -2796 -1966 -3361
-2208 -7991 -503 5220
1042 11818 2905 -12888
-4968 2452 -2618 4105

10310 13694 -9457 -8552
15228 17676 -14210 -6281
4626 5488 -8683 -5141
1545 -3066 2101 -2630

56311 -16817 56258 -20352
27940 -6041 29231 -11540
70576 -15859 69601 -19689
-996 -4459 3200 -2222

-13 10253 -11930 -6444
1540 -14066 12234 4525
6614 -7715 10364 4115
-393 -2370 3696 -2484

-40326 -113224 -7757 235013
-11390 -23113 -2255 57314
1729 21817 5224 -42318
12953 44871 2163 -96136

-1508 8301 3212 6674
-3130 7402 -11818 -11271
-285 14201 -6253 667
3058 2602 6255 6133

8882 4348 6904 708
3561 333 -515 2206
405 2474 4144 3474
-2733 -4614 651 1186

-561 1862 3102 3073
-4958 638 -6224 -2531
2901 -2015 6148 7787
-2462 -945 -1439 -5357

2465 -8230 1094 190
2615 -3418 -782 -3499
-5314 11510 -5172 1762
-5020 3937 -1016 -1525

-4571 -1969 4659 7959
-1040 -4485 6189 9542
720 -1156 -4083 -3741
-3123 386 385 -3011

-3482 2605 2023 -5129
-1513 1864 2886 699
2650 -12128 106 14775
1666 2694 1857 -3649

-3548 1458 -5923 -4944
667 -4500 1455 5522
-2631 -404 -11928 -14229
-3496 -2200 -493 -922

271 -9107 -8237 4853
2778 -11748 -5316 5539
-3829 10865 7896 -8745
-802 12825 5702 -9167

2598 113 -7343 6076
2271 1861 -1432 3163
160 -3120 2989 -1256
5709 802 -10134 4350

2132 5140 1022 1321
-35293 -28306 -24836 -12908
28457 18727 19901 15118
11958 9289 4167 687

3456 5670 -3537 -2186
1635 3868 1815 -548
-1600 62 -627 -3826
-1441 1829 -2417 2441

52950 22036 -36532 6837
13276 5373 -11830 -1051
37820 9908 -23474 3014
9102 6331 -4797 -383

-321 1982 -8774 -2816
-1015 -2706 771 2472
658 -3516 569 -361
3540 1908 -9173 816

-5232 -3791 -2230 -2384
-1743 -520 3127 400
-681 2868 2819 -1709
-2487 -32 -2030 1573

-4499 -3472 -998 6970
336 4211 -258 -2159
-2555 -405 2147 -440
1682 4312 2976 82

-110084 76311 -147497 31050
-14335 -15629 -27912 -18714
22014 -11764 32444 -6542
-28313 3171 -36361 -1982

4701 -487 102 -1343
-801 2453 10804 6300
-4510 6326 9670 3121
2195 -4249 -1841 -2362

-4624 8810 10108 -592
2992 -10362 -6983 298
2897 4717 3798 4759
13340 -18524 -12462 -2223

10169 -5069 5267 24821
-5861 3959 2594 -17164
-10314 -1415 -6585 -13883
-2759 3135 2609 -2182

736 455 -1589 4195
-7016 4025 3438 3045
-1080 -1464 4697 1687
-1178 4166 4092 -1687

-19830 12981 -15778 -15953
-11501 3394 -17452 -6115
-686 -636 110 -8391
3467 408 -3838 -2672

-3691 -2312 2563 2221
-5450 -13851 -4137 7078
1157 991 2162 -3719
407 -3090 -431 5243

4568 -7283 552 453
502 11686 1318 -6087
5296 8666 5772 -1275
-2757 -5451 -8106 3393

1993 -1051 -7667 8097
1891 -3664 -10604 7244
-2843 -2183 -12323 12537
335 -1229 9557 -6155

-2419 -3642 -1244 -455
176 1661 2883 -2676
-2126 3448 -73 -2684
1882 2464 -2096 -2851

23658 -18108 11545 15427
69885 -53333 27705 53469
-34958 28814 -10790 -21422
3703 -8131 1624 -735

-98692 46937 -90319 67046
-211438 102120 -208869 149259
96514 -51399 99953 -71364
67839 -29046 59094 -49041

2349 -5372 -3840 -6981
-253 2975 38 6123
-3004 -4327 -723 -3611
-2118 5409 -1029 2646

4764 6139 -8905 511
-3058 -4654 1781 5481
4323 -1807 2778 -2607
3613 -3611 319 -4040

-1565 3972 -3053 -479
-1193 -1133 3840 -5596
2243 -3204 -3909 4408
-2629 1310 -10684 9761

14237 -12220 8306 -3974
-6293 5443 -5663 -2117
5796 -7973 6663 -1483
9417 -11099 4747 -1744

19941 -34045 -1103 -48889
-482 5673 2458 9053
-38368 73397 7035 95986
67348 -107728 -13143 -147275

702 559 2312 1318
-2175 3746 -975 -583
3329 2715 -710 -2624
4115 -8012 -3114 6469

-1653 -17234 -26733 -1483
-2993 -5894 -8234 -3203
2176 -384 9059 -3647
5824 22267 31446 -928

28765 683 202 23139
22346 4124 -4817 17590
-7635 3640 4484 -11967
-9053 10797 2815 -9859

704 -2425 -2395 -2121
2654 3904 -2274 4459
-3886 -4716 265 -948
3398 1129 298 3309

-13691 -11733 -6473 -14789
-3183 -8514 -4551 -3549
-18476 -14141 -11923 -13694
6492 2705 -1093 4718

-1970 -5925 3231 391
-4386 26 1233 -7165
-1761 -6927 -392 -1974
-7443 -50 -2559 -7788

6355 -1720 -8874 3175
-2070 3052 -4731 4834
-5067 -9948 15744 -10224
-5582 -6913 18469 -7077

1360 135 227 3725
-3639 -7338 -5546 -8153
-6646 -5520 -4114 -3143
5388 5392 -367 -258

-17272 21434 7266 -20311
-45495 41739 20612 -38016
22908 -21987 -8421 23269
-45469 37364 25342 -37263

-7354 34493 36042 19520
-7855 57837 63637 27076
-2742 20095 24423 12247
13107 -59733 -67967 -30697

-651 -1876 -17239 -7483
589 2641 -1149 -1826
-2768 1328 13173 4376
-2019 3727 9676 6000

18786 -4294 -31062 23596
-27968 8203 49294 -31309
-21190 -688 29434 -15375
76946 -25237 -122600 84238

-2145 -1261 -1030 3504
-425 -671 -1161 -3680
-1060 -5807 5912 1817
-1465 7445 -4259 -1127

-561 3242 2306 3878
-1647 -2416 878 -4303
3378 3643 1082 1508
-2797 749 -2913 -2570

-10448 -18978 -12145 12048
3788 -4609 -72 -977
-3703 -12659 -1514 5306
-11787 -25933 -10675 20183

-9929 20593 -4162 1431
3181 -11853 5818 -6430
1330 5712 1831 -2105
10807 -31555 2043 -3983

-20960 11179 -797 241
5086 -3851 -522 -2954
-2749 -1769 3122 1355
-9765 5299 -5822 2258

574 21814 28874 -14567
-4300 16173 18587 -13837
-3912 7382 13641 -7403
-3789 12508 20303 -15472

2926 4439 2358 -7057
882 -1730 -2784 805
2643 1874 -2112 2681
6383 3956 5492 -7109

-1974 -8373 10914 1900
-4158 6423 -8520 -2158
5650 4016 -6846 5623
6385 13625 -13268 2778

-11582 521 8562 18
-10838 -2380 12193 -804
7102 1688 -5139 3857
11445 -810 -12140 4096

543 -6961 -7854 -6569
-1023 5598 4100 76
-2869 -2743 -4280 3477
1619 -5 -3598 1293

18809 -1058 -10074 -4693
-6358 7633 712 340
5566 -404 -76 -4136
-1518 -3362 371 -1524

-1783 1295 -6126 5454
1964 7688 2822 -9192
-3008 4413 2325 -6063
-5300 -6229 -7801 7555

-1676 3324 -5294 4170
-1589 -4045 -1656 -2069
-2067 1426 8695 -2068
-326 3083 -2543 10116

-175019 161166 29102 65946
195732 -175140 -32371 -75401
149520 -136190 -21233 -59236
273109 -244577 -40200 -101371

16735 -1123 -4483 15445
-4508 -3159 763 -7084
4368 2043 2768 807
18081 1087 -9209 18677

2319 -1127 -2228 -2041
1640 -1031 -2285 2510
-4401 -3433 -5744 -3999
448 -3500 1396 -1899

3618 -1855 -1413 -1485
1231 -633 2827 -3825
-753 -5505 -291 -1990
-3372 3066 -393 -3590

4449 5454 3281 -7423
-3072 -21796 18362 10475
-2242 -18472 14656 4876
-7574 -1384 -5451 4895

1759 849 6639 -3631
3114 -4324 -1165 175
704 2922 -199 3397
-1224 -977 1044 1514

5856 -10255 -7364 -17509
4802 -3680 -6144 -13323
-6458 6071 6934 6949
7877 -8207 -1706 -10151

-81 2543 -930 -5731
456 1397 -5302 -4334
12748 -6556 -3374 -2366
15359 -1665 -7673 -3976

-661 2108 -2805 1961
-546 433 2101 5442
4478 -3328 3825 7470
1099 2109 1883 -2824

417 -2996 -3179 156
-1596 731 -3506 3984
462 1734 -5341 -6263
-6826 -2131 -2831 1884

232897 -90306 -120890 139614
215314 -90290 -100799 127738
247570 -97836 -124193 152328
7307 3903 -6867 949

-18332 1960 8960 32694
384 -1270 4012 3113
-12979 3694 7596 20735
12516 -4327 -8035 -26782

-611 4237 1059 2115
598 -2684 -3868 2523
2162 2682 4290 877
4335 5461 4023 -4135

-2009 3772 4977 -7017
7221 3689 779 2110
5681 4114 -3414 8356
4174 -1551 -2732 18869

-4920 3114 -4546 -1242
4114 15743 5310 9002
-1390 -4387 -2449 1130
2331 -20289 -4317 -10106

-1712 -9250 -1080 -6895
-1309 -6282 1775 -2578
4315 -5480 -3597 -2255
7001 14020 11653 145

5161 1883 -5092 9669
11970 7493 -4777 12224
1283 3591 364 3249
1895 2649 -5480 4625

456 -727 -5924 672
2282 -5046 -4892 -2231
-1155 5650 1344 -855
3662 -935 -293 3082

-1441 -11487 10208 -2820
-2667 -5287 190 -2111
-493 4777 -5031 -3232
-5366 -15564 19485 2459

32537 -13140 -15698 15979
-16043 8172 12678 -3580
-27619 7237 13151 -12622
-37629 12323 20218 -20611

-13376 -10367 6325 3212
-14213 -3624 553 -3968
-9247 -7455 -2049 -2487
8132 4329 741 7448

2838 905 -4534 10491
8909 5100 -6802 2310
-7514 -3600 16251 -17319
5822 -3104 -5714 7998

1177 2765 5824 3484
-6445 715 4896 4497
-861 -5726 -5833 -947
3252 -2251 -2366 -5037

-2465 -3094 -663 -2044
1443 -751 -619 -3876
2152 4950 5051 -3953
-2384 -34 -2141 -2131

-578 -2631 557 1709
-5503 3005 -2272 5221
395 -1120 -2423 2258
-5985 281 -3886 3601

-2042 4456 -2119 -4376
-1481 -719 -2676 -2804
-891 -3188 4454 1888
1361 1072 1303 -3736

1661 -4540 1877 -3200
-10442 15331 -2639 1817
4841 -10438 2482 1604
-8185 5362 -5137 -921

-1117 -3200 -191 -1324
-7586 2934 -8368 7800
-11720 8450 -7588 2613
4417 -1462 10407 -6428

4475 -1554 -5810 -2163
491 1191 -5606 -8289
5831 3130 -1786 84
7610 2814 -215 14470

2924 18 -4599 -1972
-1978 5753 6028 765
-793 6492 11327 7534
179 833 2905 -2585

795 -3636 -1636 107
491 -2117 3303 318
-5756 4380 -2882 486
6938 -4765 2646 5668

-7626531 18868260 15501 -31386832
3815396 -9430187 -10823 15689034
-6718103 16610895 15260 -27640179
1456083 -3586307 -1862 5973580

-8002 1208 13305 -5938
3310 637 -8691 6894
3033 -4531 -8560 5397
2436 -1085 -12230 2948

-103074 1095 -11915 -26889
154120 -273 21449 37524
-76550 -5033 -7915 -20923
107629 3619 11175 25120

-2081 -1524 5858 -4046
-1628 3687 -890 -2
-3666 925 5259 1660
-5346 -2700 5322 -3724

-1815 4540 1544 2008
-321 -3851 1064 -2832
-2964 2780 -640 3410
1775 -569 1783 1535

-9653 -9154 12240 -8806
-5181 -7030 11186 -5489
-8383 -6253 15778 -9936
3964 269 -2995 -1737

-38061 21292 -26926 1155
-96890 48251 -76492 4721
-214293 110567 -168729 17184
-100891 47504 -76687 12371

986 23479 20112 13143
-1698 -16195 -18292 -8561
-4693 -10636 -17546 -13476
-10733 -38028 -38882 -26788

-3267 -2141 -1883 -1872
-4977 3004 -246 -1048
-4567 -1796 4722 3655
-2232 5139 1825 -3706

4475 1876 -3882 6869
3651 -518 -487 5990
557 3450 2552 6059
-973 -1226 -536 4775

-847 -2049 305 -3256
1126 2308 917 -733
8866 -6143 -189 1701
-3803 921 -4868 -5497

4027 -1985 -1988 3450
5556 -1427 1056 378
2049 2080 1277 2145
3963 2684 -2196 -2045

5756 4273 2122 2535
-8284 -5138 -6379 -6087
3026 -2141 2114 -2794
3398 -237 -1248 4473

1320 2015 1340 1057
-3324 2704 -2211 3323
2907 215 -1720 692
1746 1899 -2257 -1931

233724 -244843 -21717 -283889
-48670 49100 6275 61260
-93271 102294 12628 116497
-6189 6188 2636 2652

708 -1517 -1473 6714
1006 2286 1080 3378
3120 -2867 1637 2004
-2485 -152 983 3609

5944 12798 -11447 12301
8418 12121 -15964 11480
-3613 -693 1153 -2060
-1630 623 -2966 4541

7244 2951 -9446 7622
-2725 -7033 -1210 -7128
-17004 3845 46042 -29436
-661 2777 -3890 1784

3008 -1342 -1430 757
2360 973 5378 -1602
-3227 -1725 -4706 -3590
-5156 -4275 -2933 -291

3201 -2816 1725 1856
1265 -4491 2491 -263
-3723 3080 1042 638
528 3311 275 -2527

-1314 2969 1056 -3508
2959 968 -1789 4207
-2311 -1979 -2926 260
-3630 1770 2585 -1877

2201 3559 5584 -471
1102 -2646 42 -3164
636 111 5378 1068
-5257 -1692 234 663

-2190 9164 -7243 972
7435 -7590 6544 5029
4822 -9229 11204 2931
7668 -4211 6391 2773

-861 4073 1683 2674
10145 23655 15569 1776
-1882 -8804 -1927 685
-5992 -7310 -3301 -2956

-2187 5238 12131 3082
2624 -17570 -34452 -1426
3293 -10784 -26692 1912
-6171 4882 4680 -3137

27733 23436 46429 17515
-5643 -1984 -5134 -3633
-21123 -20435 -28955 -13983
-18575 -11566 -31769 -6824

15431 6727 -5534 3945
231 5609 -379 3157
-4070 -2592 4667 1733
-16494 -12716 5038 -3300

-4102 -240 28 -4079
-712 1387 -1164 1076
-7803 -4397 -5817 -9045
-10999 -6867 -4811 -8936

6032 -540 -3942 -6253
-1414 -4935 15261 13154
-13700 11712 974 851
12591 350 -18947 -12636

1974 4508 2895 9939
-5280 -2864 -3589 -10762
4390 1126 4535 1217
587 -2150 3298 803

-10893 2412 11498 -689
7371 -1326 -2642 -991
-18511 -1947 18885 4538
14971 -1884 -13582 -5011

5654 -794 -1903 3817
2708 -1709 2026 3
-2321 -1469 -3474 -2665
-5565 2527 194 -7621

-10403 -670 2998 10419
-14753 383 118 16875
-4396 -276 2696 9841
2172 3926 1411 -4583

-13656 -9843 17285 7826
-19371 10435 23744 10568
-18432 -28774 13707 13702
-6291 1296 5294 -81

12364 1536 14448 -9647
-12734 -4614 -23431 14583
6522 6069 4410 -5554
17295 8983 23248 -21837

-115229 7785 65351 8083
6038 -5726 -1677 -8456
67465 -5280 -45960 -6663
-116229 4522 68331 10240

-902 1291 2297 1837
-2020 273 1705 -1812
1672 2162 1087 -1044
1159 -2569 1638 -1119

-4316 -1736 4060 -711
-231 17907 -15548 -12714
-5841 -5231 3244 4326
-1646 9572 -5700 -3023

-3308 -961 -2431 -3276
19279 12432 -35616 -16997
8081 -493 -19184 -12001
-8753 -1059 19183 15716

-16429 -11167 -18588 -15054
1502 -722 10854 8162
-2698 1208 1930 -438
-11521 -5477 -20069 -11934

-10502 3040 -6598 15832
8017 -3562 12337 -22638
-3020 5154 -2136 81
3627 -20 62 4449

-6852 -680 5852 -775
-7588 200 12504 -7542
-1960 -6676 -506 4737
-11689 1305 11062 -11693

6172 2205 249 5321
-6165 -1081 -3737 -3338
1418 -471 2665 4099
11415 -2302 299 6397

3714 -4882 -7108 -17810
-9421 10878 2175 16816
2215 -8239 1511 -9883
-8118 13224 4100 17525

-9417 -9395 9282 -2642
256677 213523 -175755 -8252
-239896 -193621 159965 8192
45642 34513 -31598 -4700

-22243 -43264 -37570 8991
10389 27507 23567 -1071
-7165 -22843 -15715 2186
7077 13148 8057 159

63095 -442 -37607 -24834
-59858 1936 32844 21558
18992 -3784 -12489 -13276
-10489 -2290 2633 5196

-2850 -8890 -6703 8647
3866 1482 519 4462
1889 -1887 2585 1474
1293 -9461 -8208 7783

-1088 -2112 -462 -2967
-4784 -1604 -165 -670
-923 -5632 2788 42
1368 -12243 18768 -11777

-2163 -1059 1499 -2139
-3806 371 3570 2405
1017 359 -5455 526
-5393 3531 5559 -238

1640 -425 2319 3132
-3137 5059 680 -1148
489 2250 -2324 -1143
2043 -433 118 -3945

