32 32
#blockages 175
6 30 6 30
7 30 7 30
8 30 8 30
28 30 28 30
29 30 29 30
30 30 30 30
31 30 31 30
32 30 32 30
6 29 6 29
7 29 7 29
8 29 8 29
28 29 28 29
29 29 29 29
30 29 30 29
31 29 31 29
32 29 32 29
6 28 6 28
7 28 7 28
8 28 8 28
25 28 25 28
26 28 26 28
10 27 10 27
11 27 11 27
25 27 25 27
26 27 26 27
10 26 10 26
11 26 11 26
10 25 10 25
11 25 11 25
10 24 10 24
11 24 11 24
13 24 13 24
14 24 14 24
17 24 17 24
18 24 18 24
19 24 19 24
20 24 20 24
21 24 21 24
22 24 22 24
26 24 26 24
27 24 27 24
10 23 10 23
11 23 11 23
13 23 13 23
14 23 14 23
17 23 17 23
18 23 18 23
19 23 19 23
20 23 20 23
21 23 21 23
22 23 22 23
26 23 26 23
27 23 27 23
10 22 10 22
11 22 11 22
13 22 13 22
14 22 14 22
13 21 13 21
14 21 14 21
13 20 13 20
14 20 14 20
13 19 13 19
14 19 14 19
8 18 8 18
9 18 9 18
10 18 10 18
11 18 11 18
13 18 13 18
14 18 14 18
8 17 8 17
9 17 9 17
10 17 10 17
11 17 11 17
13 17 13 17
14 17 14 17
13 16 13 16
14 16 14 16
1 14 1 14
2 14 2 14
3 14 3 14
4 14 4 14
5 14 5 14
6 14 6 14
7 14 7 14
8 14 8 14
9 14 9 14
10 14 10 14
11 14 11 14
14 14 14 14
15 14 15 14
1 13 1 13
2 13 2 13
3 13 3 13
4 13 4 13
5 13 5 13
6 13 6 13
7 13 7 13
8 13 8 13
9 13 9 13
10 13 10 13
11 13 11 13
14 13 14 13
15 13 15 13
14 12 14 12
15 12 15 12
16 12 16 12
17 12 17 12
18 12 18 12
14 11 14 11
15 11 15 11
16 11 16 11
17 11 17 11
18 11 18 11
2 10 2 10
3 10 3 10
2 9 2 9
3 9 3 9
10 9 10 9
11 9 11 9
12 9 12 9
15 9 15 9
16 9 16 9
17 9 17 9
18 9 18 9
19 9 19 9
2 8 2 8
3 8 3 8
5 8 5 8
6 8 6 8
10 8 10 8
11 8 11 8
12 8 12 8
15 8 15 8
16 8 16 8
17 8 17 8
18 8 18 8
19 8 19 8
2 7 2 7
3 7 3 7
5 7 5 7
6 7 6 7
10 7 10 7
11 7 11 7
12 7 12 7
15 7 15 7
16 7 16 7
17 7 17 7
18 7 18 7
19 7 19 7
2 6 2 6
3 6 3 6
5 6 5 6
6 6 6 6
15 6 15 6
16 6 16 6
2 5 2 5
3 5 3 5
5 5 5 5
6 5 6 5
15 5 15 5
16 5 16 5
5 4 5 4
6 4 6 4
10 4 10 4
11 4 11 4
12 4 12 4
13 4 13 4
14 4 14 4
5 3 5 3
6 3 6 3
10 3 10 3
11 3 11 3
12 3 12 3
13 3 13 3
14 3 14 3
#interconnections 10
18 22 12 5
5 9 9 7
15 19 29 19
9 8 9 3
32 25 19 22
28 31 25 26
12 26 9 23
1 15 24 1
1 20 24 12
28 25 27 19
