32 32
#blockages 122
18 26 18 26
4 25 4 25
5 25 5 25
6 25 6 25
7 25 7 25
8 25 8 25
9 25 9 25
12 25 12 25
13 25 13 25
14 25 14 25
15 25 15 25
16 25 16 25
18 25 18 25
26 25 26 25
3 24 3 24
12 24 12 24
16 24 16 24
25 24 25 24
26 24 26 24
27 24 27 24
3 23 3 23
12 23 12 23
16 23 16 23
17 23 17 23
19 23 19 23
25 23 25 23
26 23 26 23
27 23 27 23
3 22 3 22
12 22 12 22
17 22 17 22
25 22 25 22
27 22 27 22
28 22 28 22
3 21 3 21
12 21 12 21
17 21 17 21
18 21 18 21
25 21 25 21
28 21 28 21
3 20 3 20
12 20 12 20
18 20 18 20
24 20 24 20
25 20 25 20
28 20 28 20
3 19 3 19
12 19 12 19
18 19 18 19
24 19 24 19
28 19 28 19
29 19 29 19
3 18 3 18
12 18 12 18
18 18 18 18
24 18 24 18
29 18 29 18
5 17 5 17
6 17 6 17
7 17 7 17
8 17 8 17
9 17 9 17
10 17 10 17
11 17 11 17
12 17 12 17
18 17 18 17
2 16 2 16
12 16 12 16
18 16 18 16
23 16 23 16
24 16 24 16
30 16 30 16
1 15 1 15
2 15 2 15
12 15 12 15
18 15 18 15
23 15 23 15
30 15 30 15
2 14 2 14
12 14 12 14
18 14 18 14
23 14 23 14
30 14 30 14
12 13 12 13
18 13 18 13
23 13 23 13
29 13 29 13
30 13 30 13
31 13 31 13
3 12 3 12
12 12 12 12
18 12 18 12
22 12 22 12
23 12 23 12
31 12 31 12
12 11 12 11
17 11 17 11
22 11 22 11
31 11 31 11
3 10 3 10
4 10 4 10
5 10 5 10
6 10 6 10
7 10 7 10
8 10 8 10
9 10 9 10
12 10 12 10
16 10 16 10
17 10 17 10
19 10 19 10
22 10 22 10
31 10 31 10
32 10 32 10
12 9 12 9
13 9 13 9
14 9 14 9
15 9 15 9
16 9 16 9
21 9 21 9
22 9 22 9
32 9 32 9
18 8 18 8
#interconnections 3
23 21 32 12
12 26 12 8
3 25 8 9
