64 64
#blockages 40
41 8 43 12
16 15 19 17
44 48 46 53
3 2 5 5
15 33 17 36
46 42 51 45
29 38 33 40
49 52 52 57
22 18 25 21
62 49 64 51
6 25 8 29
55 23 59 25
47 30 49 35
6 36 10 40
37 13 39 15
43 15 47 17
55 15 57 20
18 30 22 33
24 23 27 27
45 60 47 63
35 47 38 50
30 25 34 28
44 21 46 24
53 3 57 8
18 5 21 9
14 42 19 47
57 59 62 62
17 9 20 13
48 38 53 43
24 15 27 20
6 49 8 51
10 41 13 46
39 5 44 10
39 30 43 32
44 47 46 51
50 42 54 44
19 28 22 33
1 62 5 64
33 59 35 63
54 41 57 44
#interconnections 30
48 21 1 42
11 11 63 9
34 55 28 26
40 52 48 57
58 16 32 29
9 44 3 30
29 1 10 8
30 9 5 43
10 31 36 63
28 17 61 32
61 53 25 13
13 56 46 55
53 60 7 13
8 52 44 14
18 55 24 36
60 32 10 57
13 7 2 12
31 22 53 63
62 28 52 8
22 49 1 50
63 20 25 38
28 8 8 41
8 7 62 21
8 11 24 9
9 31 52 16
32 6 11 54
41 34 27 41
31 34 51 17
2 59 13 10
9 32 48 37
